421383	141
432132	2
99330	55
144902	50
330241	76
17925	466
35339	639
396808	187
52750	13
408072	57
396809	74
260626	13
396823	58
24082	1211
476693	198
252432	7
443410	55
397842	40
259093	128
407056	11
256532	46
334876	13
4121	66
28698	23
298520	29
329252	60
111653	422
217126	82
329248	61
372768	96
272418	100
425006	14
307756	227
58921	4
304174	11
96302	430
291893	14
55349	34
13877	1033
67124	13
165434	23
178744	9
79419	106
178238	3
317497	144
294970	20
81983	9
52801	77
75843	1155
80455	8
435279	10
239695	2
152142	96
261198	391
306763	31
108115	-1
256087	8
298066	23
303698	171
372818	241
243284	-1
434269	26
331864	49
303705	2
43103	65
290916	17
133731	15
13921	3033
434791	156
462948	58
19043	48
274023	81
38499	31
23652	357
67691	19
64108	1470
62062	38
341109	6
47729	8
47731	968
28277	44
151668	14
465521	254
211578	412
162434	506
397447	10
88195	215
312966	9
424581	2
421506	26
53383	107
90249	6
37513	38
492173	322
276111	54
374920	23
437398	413
196242	1649
425109	3
416915	7
334480	125
304792	20
32412	643
126625	1
309415	138
461999	51
266924	29
127656	12
330415	53
91306	25
1708	20
81078	63
234170	22
324285	68
430267	28
301242	641
457926	28
286406	19
12996	26
49352	23
19145	189
312014	899
393932	42
244431	449
289992	44
30412	18
24271	2145
385237	14
378068	65
303313	2327
108247	19
479440	19
236251	986
262877	46
309977	22
42208	22
333541	111
66787	19
338656	12
94951	393
253674	12
414444	12
491756	195
125677	79
25324	21
332008	26
326377	97
442614	712
120560	16
262389	12
58098	168
84724	44
290034	382
308978	853
283891	58
398076	10
46332	57
120572	2
316155	24
99072	9
193795	2
30468	4
410371	5
35590	69
130317	21
12044	78
318731	12
62226	30
63250	5
81172	50
371987	28
381714	31
304927	204
46875	3
297752	15
61212	108
82204	5
60703	117
395558	9
267554	57
271139	65
102696	37
9517	19
457515	3
337707	255
181040	409
153912	1152
333631	60
165689	1270
218431	12
398648	23
164162	12
143171	46
246594	122
43332	28
232773	46
239940	4
164677	1
129354	52
466252	105
88397	32
230222	8
287049	1054
231757	3
100174	10
248659	19
429399	22
477523	337
259413	453
185172	44
312659	14
85850	19
231263	818
424283	59
195423	95
387940	7
476517	10
287078	34
53603	13
43364	843
267616	36
172388	15
6503	61
275308	92
262511	4
369527	114
70005	34
340338	54
338809	15
288121	32
93567	1899
186754	22
291716	113
296836	1
239490	10
285573	1
217984	45
8581	4
342926	32
411529	21
320916	10
222609	3162
266646	43
313751	676
51092	107
82839	376
364947	2
378258	23
215448	11
199064	149
299928	22
184222	138
90528	4
231329	53
17317	123
179109	14
279981	67
296878	40
443309	114
480682	21
275370	6
297392	54
264112	1045
55221	736
294322	27
252340	2
13243	4
251327	6
70079	124
432056	7
81856	166
59845	66
347587	56
90057	44
354766	610
118222	46
306646	558
320983	161
49619	659
360913	4146
13269	14
233941	13
30169	1106
140248	40
255448	7
199135	17
424920	52
474073	50
377318	13
210918	12
272366	77
68586	27
344552	159
333803	16
393719	22
411636	5
127987	21
59891	46
51187	16
14837	72
201718	305
460799	203
47097	107
422908	12
252415	36
329720	66
364539	15
313339	52
411641	167
