log4j-40951-method-sig	0.3283654963839406	0.6414039676296419	0.17866583293840305	0.010703768000049765	0.1111111111111111	0.03164824102939724	0.5910295816737757	0.8710173347114826	0.6250950911271564	0.2060895864555707	0.9967637540453075	150.54550588615655	26.561400549528347	2.213450045794029	3.710151418108572	0.17616874971144855	2.114024996537383	0.5798047661808555	0.2690440274387857	1.8510904298032693
log4j-36800-base	0.5199190091607292	0.809610802113005	0.2375010514678785	0.04536031419612026	0.1	0.04120121098204383	0.32988716086175596	0.5593764946110688	0.3199481561778203	0.18640530214545215	0.313915857605178	4909.911281673719	21.71964346721083	2.171964346721083	3.103410930151627	0.21683884268976383	2.1683884268976383	1.068202269060951	0.7877689911454022	3.7874311278424324
log4j-35831-method-sig	0.4391048679244181	0.760019852157381	0.23006005011644423	0.015942708347414146	0.07142857142857142	0.02093969913707915	0.4989256976585358	0.8158986714740888	0.42913590475748553	0.22072617395418337	0.9902912621359223	204.76814601418735	31.862971702484195	2.4509978232680156	3.8001989946405255	0.2153388939606103	2.7994056214879337	0.6459581856183543	0.7062264805437456	3.450958891221219
log4j-50287-method-sig	0.31486895078346894	0.760019852157381	0.22230967401462956	0.023810128349988777	0.2	0.056918189222793666	0.4527670641604952	0.8387220873279108	0.5064244751243774	0.2594754243652399	1.0	233.86027946201924	30.419811058309918	1.7894006504888187	2.84860744357345	0.0829673714031828	1.4104453138541075	0.24922444622205275	0.3300110411559538	2.5552874465497997
log4j-37182-method-sig	0.4202525401401547	0.8797319147946455	0.2578846319342789	0.007581001330144644	0.029411764705882353	0.00916093104099781	0.5059822664885074	0.8158986714740888	0.5716940009865513	0.25784291235603296	1.0	87.28271345474857	38.44871934803061	2.5632479565353736	5.091441192735849	0.33419994791826485	5.012999218773973	3.4922954342828283	0.5473039354856936	4.634728988229636
log4j-46574-field-sig	0.49946673018526916	1.0	0.23914855547737127	0.11707477445672095	1.0	0.2660575037314982	0.444947190933076	0.7655618776987037	0.40667531368135745	0.21496189091848417	0.8446601941747572	1221.7630775367256	35.29855837653758	2.2061598985335986	3.0614440126674998	0.10467999165003125	1.6748798664005	0.2711845801835038	0.5113440707437631	3.248434627109745
log4j-34874-field-sig	0.47279009345471285	1.0	0.339420156410449	0.012498758782697541	0.05263157894736842	0.014310992781172845	0.2891365614997291	0.8387220873279108	0.2880458650044845	0.2786160186707232	1.0	130.43392196653585	39.941532025540916	2.4963457515963077	5.091441192735849	0.3515509455724689	5.6248151291595025	3.4922954342828283	0.4233592114140848	4.634728988229636
log4j-41476-method-sig	0.35962882913328686	0.760019852157381	0.21034997749952178	0.016298573997663306	0.14285714285714285	0.03552101750577485	0.445305200965864	0.8387220873279108	0.4288476352866346	0.2234840575654982	0.9967637540453075	151.18919430765766	37.95976415971986	2.108875786651103	3.544809634788093	0.14924653910602495	2.686437703908449	0.6242086896333437	0.29403699916108506	2.6124458603897485
log4j-40951-base	0.38168641103516565	0.6414039676296419	0.3672960909223102	0.055671242737415805	0.1111111111111111	0.07840381375025912	0.5861344264081749	0.8158986714740888	0.5861344264081749	0.3249357115206309	0.9870550161812298	4647.769371175896	3.1937404210437332	1.5968702105218666	2.0507125293064563	0.022761949636606764	0.04552389927321353	0.023905065000869287	0.013029500290333897	0.013029500290333897
log4j-42108-both-sig	0.41878475139853244	1.0	0.29224769581113824	0.08052653881770983	1.0	0.2651142958382537	0.45673126899549554	0.8158986714740888	0.5118918972633556	0.28511167689399075	0.9902912621359223	960.4055171050459	29.961117738901226	2.140079838492945	3.4156474405867097	0.12936851753850942	1.8111592455391319	0.296023481395468	0.5169637266175264	4.229263880121471
log4j-17862-base	0.2659491017591617	0.7216774859254128	0.3167647325417776	0.028824955908289242	0.1111111111111111	0.05486816581849269	0.4833623921382357	0.9580285615099561	0.48771050352149325	0.43705091302409566	0.9902912621359223	1203.2401344797179	4.797957350235842	1.1994893375589606	2.3073649949109436	0.05269963404787683	0.21079853619150732	0.16014641085003348	0.11816261060035087	0.6980133702111184
log4j-41476-base	0.41262186113406885	0.760019852157381	0.27647759932925664	0.03292708251576276	0.14285714285714285	0.04971936143871252	0.29914156995902536	0.5136302197619999	0.39629304257613757	0.20000497148963214	0.27184466019417475	687.2376027277425	15.271800239331897	1.9089750299164872	3.2849234692139353	0.11073504427093403	0.8858803541674722	0.26441696555988725	0.3556164021290679	1.6473649643461614
log4j-45636-both-sig	0.50032246365503	1.0	0.23769797636722018	0.09467362137353849	1.0	0.25148226710015564	0.4267722501600272	0.6960192745486817	0.46562277502021054	0.2188684506808733	0.7281553398058253	987.9902442489043	38.82979554909119	2.426862221818199	3.600722962858241	0.21707212488029234	3.4731539980846766	1.2564551584820498	0.886014006068808	3.9415818076696905
log4j-50238-both-sig	0.3352589149922732	1.0	0.2711505653842912	0.044014780753929436	0.5	0.12787978624435717	0.4840242361756975	0.8387220873279108	0.5818196833818498	0.29174844043550113	1.0	489.94906480300705	26.404049018055158	1.7602699345370105	2.706604547736546	0.08120025264320992	1.2180037896481488	0.18668916081587042	0.24614927979025883	2.4011367667225416
log4j-46574-base	0.6543964850474758	1.0	0.26737656884344546	0.2854406766761855	1.0	0.3952213608792215	0.31954780329566396	0.6835060524223233	0.3560161854676295	0.23807457969077644	0.3883495145631068	7943.433444329339	11.216327042789231	1.869387840464872	2.50773612661773	0.06096828190586593	0.3658096914351956	0.16641057698113995	0.6641334640224962	3.0942839472824866
log4j-49003-both-sig	0.3324962472812395	1.0	0.27923282790691983	0.08673534476960248	1.0	0.2414371831252574	0.5074931402780655	0.8387220873279108	0.660770087874267	0.2937038189510535	1.0	804.5763326038926	29.131769986450927	1.6184316659139406	2.50773612661773	0.05981538457940894	1.076676922429361	0.16641057698113995	0.19565206323939202	1.6902900090631954
log4j-41476-field-sig	0.36811922919939916	0.760019852157381	0.21386820717686802	0.016203869071032776	0.14285714285714285	0.03550221318933419	0.4572661235903531	0.8387220873279108	0.45324394392714995	0.23157575852978593	1.0	150.31069036269358	38.57658468143831	2.1431435934132397	3.544809634788093	0.15396577688617327	2.771383983951119	0.6242086896333437	0.2816164334563589	2.6124458603897485
log4j-17862-field-sig	0.3574173148242406	0.8797319147946455	0.24895501330146008	0.014676409823218479	0.1111111111111111	0.031405715610885815	0.5387948468187294	0.9580285615099561	0.5856209886227456	0.2834256649286036	1.0	182.92719413811807	28.821074747476295	2.058648196248307	3.422484195837004	0.11875090112690107	1.6625126157766146	0.5790242393771471	0.39807967362534263	3.4307561839037
log4j-32582-base	0.5914516324287518	1.0	0.30567956443509525	0.13927848125626796	1.0	0.32564558174401387	0.22136092807537242	0.43847303408533866	0.22569987316768964	0.1736008403254012	0.3106796116504854	2878.43953096342	21.020729947422055	2.3356366608246724	3.6360790982634317	0.3298234640881732	2.968411176793559	0.7679702611228612	0.4175321550007038	3.9415818076696905
log4j-49003-method-sig	0.3324962472812395	1.0	0.27923282790691983	0.08673534476960248	1.0	0.2414371831252574	0.5074931402780655	0.8387220873279108	0.660770087874267	0.2937038189510536	1.0	804.5763326038926	29.131769986450927	1.6184316659139406	2.50773612661773	0.05981538457940894	1.076676922429361	0.16641057698113995	0.19565206323939202	1.6902900090631954
log4j-45982-field-sig	0.40184444933729696	0.8797319147946455	0.20924720358801696	0.026100708281649305	0.25	0.06268469761342373	0.5445175871957856	0.9401347181516055	0.585860197490717	0.20634426924171317	1.0	274.63225355812926	38.755714645974244	2.2797479203514266	3.1140273955680042	0.14592409185533087	2.4807095615406256	0.40438485587175516	0.47783986419384017	2.5552874465498
log4j-44386-field-sig	0.4824972804750578	1.0	0.3137850269734884	0.14178037056791407	1.0	0.34857099731242347	0.32844469638454815	0.8387220873279108	0.28983607262875344	0.2695594349977716	1.0	1578.2234689643833	31.174030485039264	2.0782686990026176	3.955669715114134	0.16158909527014723	2.4238364290522085	0.6148500697764638	0.3942871671758107	3.0942839472824866
log4j-49812-base	0.3610706378641102	0.6036019124717322	0.26453623876416205	0.012162701909908561	0.03225806451612903	0.013946483392339408	0.3062372031702469	0.6061534438200238	0.3321003959855997	0.2322883597874114	0.30097087378640774	290.1186661858932	13.669054066549958	1.9527220095071367	3.8001989946405255	0.18433089698650892	1.2903162789055624	0.6260674472714279	0.15817026187613561	1.0328609111053293
log4j-41156-method-sig	0.4999945046778452	1.0	0.25177334035815474	0.08856455438307798	1.0	0.26391811879651267	0.43747558732231906	0.8710173347114826	0.39863745052198585	0.24661472346244642	0.9967637540453075	1056.2714838893785	35.090954264495245	2.5064967331782317	4.621988046384743	0.3438558590144797	4.813982026202716	1.8468906490025683	0.32609307607089816	3.0942839472824866
log4j-45982-base	0.49427511063231466	0.8797319147946455	0.23942310711989978	0.05337168249742081	0.25	0.093823568278926	0.4633486406632094	0.6960192745486817	0.5064244751243774	0.22532038372256438	0.5242718446601942	1273.0823671370495	16.77283831788242	2.396119759697489	3.0750583678640937	0.15049731913246675	1.0534812339272672	0.28748019225601795	0.7469585471308663	1.8831936751876868
log4j-42099-both-sig	0.0	0.0	0.0	0.0	0.0	0.0	0.0	0.0	0.0	0.0	0.0	0.0	0.0	0.0	0.0	0.0	0.0	0.0	0.0	0.0
log4j-50238-method-sig	0.3352589149922732	1.0	0.2711505653842912	0.044014780753929436	0.5	0.12787978624435717	0.4840242361756975	0.8387220873279108	0.5818196833818498	0.29174844043550113	1.0	489.94906480300705	26.404049018055158	1.7602699345370105	2.706604547736546	0.08120025264320992	1.2180037896481488	0.18668916081587042	0.24614927979025883	2.4011367667225416
log4j-44644-both-sig	0.4462025577394933	1.0	0.24393426095997445	0.028414312500248826	0.25	0.06577262468812571	0.48523628950657	0.8387220873279108	0.5189657129238139	0.246818440040624	0.9967637540453075	342.6827925277463	33.06284200128893	2.3616315715206375	3.2711213672919213	0.22283800985481975	3.1197321379674765	1.068202269060951	0.5722813731032251	2.9607525546579643
log4j-36800-method-sig	0.44863439400143745	0.809610802113005	0.22110424672516796	0.02710700379566394	0.1	0.03611891753615155	0.4310222233835191	0.7655618776987037	0.48944218911235504	0.2236237983993159	0.8414239482200647	1420.6141340592296	45.31847887131346	2.265923943565673	3.442833356822999	0.24504242546558752	4.900848509311751	1.068202269060951	0.5811508608872974	4.634728988229636
log4j-41219-base	0.1398745636611805	0.5594982546447221	0.27974912732236107	0.009259259259259259	0.037037037037037035	0.018518518518518517	0.08977895045364523	0.3591158018145809	0.0	0.17955790090729043	0.042071197411003236	386.50925925925924	2.403513228767875	0.6008783071919688	2.403513228767875	0.04390924407816284	0.17563697631265135	0.17563697631265135	0.0	0.0
log4j-42108-base	0.3384852293414409	1.0	0.45107221798066044	0.2506109409360629	1.0	0.49959369269218235	0.3968124762241463	0.8158986714740888	0.38567561671124817	0.45856035672055023	0.9870550161812298	10461.252507494071	3.7932034219862976	0.9483008554965744	1.6501755302490206	0.011295193367499092	0.04518077346999637	0.023905065000869287	0.17497834602767984	1.0238110755854113
log4j-41219-both-sig	0.29958291012073357	0.6641304017393355	0.20697817468091415	0.006298249797746009	0.037037037037037035	0.010533148409943792	0.4225974795617805	0.7118544417566365	0.4788027311678665	0.26763401979377327	0.8155339805825242	75.11652608780332	26.39823122877782	1.8855879449127015	3.3009219653091413	0.14730892457360867	2.062324944030522	0.7938270235203925	0.18338444149020172	1.3766324502081537
log4j-45636-method-sig	0.5231252976665147	1.0	0.25598500348203096	0.10213100773717486	1.0	0.2504343302359279	0.4073627394039484	0.6960192745486817	0.46562277502021054	0.23230472675815242	0.7249190938511327	1065.8136639932225	38.36177920983679	2.3976112006147994	3.600722962858241	0.20814273282913542	3.3302837252661663	1.2564551584820498	0.8822979412991873	5.0401940963378005
log4j-41565-field-sig	0.45238486319635285	0.809610802113005	0.21629395158380468	0.015109929422860296	0.1111111111111111	0.027288083596260514	0.47473975983998795	0.9913192061179313	0.4963158549095487	0.23049483270380297	0.9967637540453075	159.60744118110404	41.18051190924319	2.5737819943276987	3.68147059070854	0.3197448267191055	5.115917227505687	1.0942826815733135	0.5867285147571628	3.7874311278424324
log4j-50287-field-sig	0.4022382106186009	0.8797319147946455	0.2850467406994685	0.030691527354861782	0.2	0.05619528765443549	0.3734310089727881	0.8387220873279108	0.3048602922888469	0.2678580140794513	1.0	301.44857091152835	33.561062550572416	1.9741801500336715	3.422484195837004	0.13342297873948852	2.268190638571305	0.4681484820250068	0.30861276360736417	3.248434627109745
log4j-48784-field-sig	0.37100709208047106	1.0	0.2938204406859086	0.09224404038336478	1.0	0.2649536975054538	0.43081322781370907	0.8387220873279108	0.5316811834130161	0.2924129526003937	1.0	1100.1551364922273	24.723026513726605	1.7659304652661858	3.03376843899903	0.10184553554127984	1.4258374975779176	0.4681484820250068	0.18396964717022735	2.4375044108934163
log4j-37182-both-sig	0.4202525401401547	0.8797319147946455	0.2578846319342789	0.007581001330144643	0.029411764705882353	0.00916093104099781	0.5059822664885074	0.8158986714740888	0.5716940009865513	0.25784291235603296	1.0	87.28271345474857	38.44871934803061	2.5632479565353736	5.091441192735849	0.33419994791826485	5.012999218773973	3.4922954342828283	0.5473039354856936	4.634728988229636
log4j-48784-base	0.30449491863577394	1.0	0.4749198236242575	0.25019968051118213	1.0	0.4998670214651474	0.1787325809094638	0.7149303236378552	0.0	0.3574651618189277	0.40129449838187703	10444.085263578274	2.772719169533379	0.6931797923833447	1.7727191695333788	0.01666012600876418	0.06664050403505672	0.06664050403505672	0.15217661854878475	0.9130597112927085
log4j-45982-both-sig	0.39202823293240624	0.8797319147946455	0.19711844508719037	0.02434388274442692	0.25	0.0629226158470779	0.5394774657961348	0.7655618776987037	0.6060874494616599	0.1804179675271484	0.9029126213592233	245.86015332917148	39.10759077964891	2.300446516449936	3.1140273955680042	0.1384792129620978	2.354146620355663	0.40438485587175516	0.5175843604325991	1.8831936751876868
log4j-37182-field-sig	0.532986498501678	0.8797319147946455	0.26637828245628914	0.014182715827096938	0.08333333333333333	0.021006502626409965	0.4103335133609243	0.8158986714740888	0.4133352358660412	0.2669192336431484	0.9967637540453075	160.76947832042313	44.4130250348712	2.9608683356580796	5.091441192735849	0.3932645450725583	5.898968176088376	3.4922954342828283	0.9407570502289202	4.634728988229636
log4j-34874-base	0.33426627592505065	1.0	0.40966777854003317	0.014173164392462636	0.05263157894736842	0.021715662448553576	0.1380355651071295	0.42736259077325345	0.0	0.21400805795193625	0.11650485436893204	394.4202674897119	9.375096071918978	1.5625160119864963	3.9444389791664403	0.0726018311476555	0.435610986885933	0.2692004099047931	0.06765616037351004	1.0148424056026508
log4j-50287-both-sig	0.33696526632162654	0.760019852157381	0.23766219845201839	0.025119996559567693	0.2	0.05665843650538488	0.433106153453935	0.8387220873279108	0.5002300928229456	0.25848287832393213	1.0	246.725650914361	31.542476796150442	1.8554398115382615	3.1140273955680042	0.10203537855270486	1.7346014353959827	0.40438485587175516	0.33837409635156257	2.5552874465497997
log4j-42281-field-sig	0.46915304763678517	0.8797319147946455	0.27023769507926615	0.02864670620287473	0.25	0.06151003528876377	0.4319908683938288	0.8703744803075192	0.45386432080775274	0.27552851827651736	0.8802588996763754	298.9498642566499	38.60556596994744	2.4128478731217156	4.629747445180806	0.32899803758882185	5.2639686014211495	3.4922954342828283	0.6323844477297514	4.634728988229636
log4j-42108-field-sig	0.4116680832876132	1.0	0.28182481241731067	0.08002467249280966	1.0	0.2651653092577417	0.46182912904200785	0.8158986714740888	0.543525974412616	0.28171227746825356	0.9902912621359223	954.4199725335294	29.209040158690804	2.0863600113350573	3.4156474405867097	0.15332588708919925	2.1465624192487893	0.567800346013624	0.5133350860730906	4.123903364463645
log4j-46574-both-sig	0.4508089367938424	1.0	0.2356654959761786	0.10880345921668191	1.0	0.26840057879427415	0.5004403572394149	0.7655618776987037	0.5269037730632185	0.21630911977288003	0.8543689320388349	1135.4456995204882	34.40663862496312	2.150414914060195	3.03376843899903	0.09900438124741372	1.5840700999586197	0.2164906108127776	0.501890789799566	3.0942839472824866
log4j-50238-base	0.3950413860054462	1.0	0.4190197774091543	0.11180555555555556	0.5	0.21751192850786338	0.19653409665027466	0.5818196833818498	0.0	0.2766167258120409	0.12944983818770225	3733.679444444445	6.1126052671030795	1.222521053420616	2.50773612661773	0.03491532870627583	0.17457664353137917	0.16641057698113995	0.11132824784159033	1.1132824784159034
log4j-42283-both-sig	0.34984767334065947	1.0	0.3091187895261956	0.11658444018924276	1.0	0.26334892733161247	0.4366237715625392	0.8703744803075192	0.541124421072075	0.3139769191763264	1.0	1081.4631748487914	28.10042838358327	1.5611349101990706	3.03376843899903	0.055193290216060814	0.9934792238890948	0.2164906108127776	0.18742566834979876	2.4375044108934163
log4j-41565-method-sig	0.3527205697733651	0.809610802113005	0.1896293793330729	0.010318423884476121	0.1111111111111111	0.027463935305669516	0.5771222424775675	0.9913192061179313	0.6061204466408419	0.20091326158730496	0.9967637540453075	112.51192132280438	36.43205457117301	2.2770034106983132	3.4847217834536246	0.1810367191275139	2.896587506040223	0.9000314889916693	0.48278641944020323	1.9362482381435766
log4j-42099-method-sig	0.0	0.0	0.0	0.0	0.0	0.0	0.0	0.0	0.0	0.0	0.0	0.0	0.0	0.0	0.0	0.0	0.0	0.0	0.0	0.0
log4j-28647-base	0.49268696379557736	1.0	0.3126169513779092	0.20670430423927413	1.0	0.44352778677618254	0.4487089778349613	0.7122832741914193	0.4695682545619067	0.27587609770190247	0.5760517799352751	6902.766217488016	9.967410190779912	1.9934820381559823	2.737549034563833	0.08680748956232337	0.43403744781161685	0.1282958519320877	0.40061511910250613	2.514465452029545
log4j-43113-both-sig	0.35391174262121833	1.0	0.28734981462009074	0.08487466383994943	1.0	0.2611191733926491	0.5070632302329249	0.8158986714740888	0.5666907607055932	0.28811623272600495	0.9935275080906149	948.9003490065774	28.44888856230199	1.8965925708201323	4.289849136683893	0.09909668185083778	1.4864502277625669	0.5084427186900976	0.2605161050443658	2.6888188391743224
log4j-41156-base	0.5599884485604355	1.0	0.3620625961038284	0.27375289853598506	1.0	0.4852743186490904	0.39831887092179424	0.8158986714740888	0.3886884061065441	0.33445028073343247	0.9870550161812298	11427.267243587625	6.8537706414675315	1.713442660366883	2.495408161318717	0.07232569308736106	0.28930277234944424	0.1829382768676907	0.006514750145166876	0.013029500290333897
log4j-32582-field-sig	0.526600517602237	1.0	0.27176344443723033	0.07638223794380597	1.0	0.22654422346907666	0.35099440493625866	0.6948505556091784	0.40085079986952354	0.22840682238158128	0.7540453074433657	737.3222950200917	46.607378296940986	2.4530199103653145	3.6360790982634317	0.22980641009992336	4.366321791898545	0.7679702611228612	0.4947867036491146	3.9415818076696905
log4j-42281-method-sig	0.4072396212153921	0.760019852157381	0.2126438369446579	0.023895019877720063	0.25	0.06155916782243375	0.4767181095510463	0.8703744803075192	0.5169964832765928	0.22898929052409847	0.8478964401294499	249.36245368891713	37.01741991310177	2.3135887445688605	4.621988046384743	0.23906469475940031	3.8250351161504055	1.8468906490025683	0.3704164679989737	2.673070482206183
log4j-35831-field-sig	0.47614027252373115	1.0	0.287076735944062	0.03602751629200368	0.2	0.06422293827787746	0.46398810447971695	0.8158986714740888	0.5136302197619999	0.2580113924298741	0.9967637540453075	462.7374192544954	31.145725158228664	2.3958250121714357	3.8001989946405255	0.1294034848602008	1.6822453031826106	0.6260674472714279	0.5828371457155418	3.787431127842432
log4j-37182-base	0.2575474088345588	0.5249191161441784	0.16005605406826745	0.007089606738228493	0.029411764705882353	0.012598897637849535	0.6975768030258976	0.8158986714740888	0.7821440933671866	0.1564070434624415	0.9967637540453075	262.808611893688	8.31864207369135	1.6637284147382703	2.3759731659314154	0.053784631039209205	0.26892315519604604	0.11998541980542127	0.2369724249118128	0.5916777203950857
log4j-34874-both-sig	0.3613996892463951	1.0	0.2976537843418822	0.00875566825416366	0.05263157894736842	0.014668543012760693	0.3913580727588868	0.8387220873279108	0.42736259077325345	0.30362512382970996	0.9967637540453075	109.48958651116618	33.7071590169504	2.1066974385594004	4.629747445180806	0.3245341652630958	5.192546644209533	3.4922954342828283	0.36418138832566105	3.0942839472824866
log4j-40951-field-sig	0.5152216678796966	0.8797319147946455	0.23596339111796222	0.02499173588810396	0.1111111111111111	0.03749088128058292	0.4179418868564603	0.8158986714740888	0.3338346192983335	0.23426740721989586	0.9870550161812298	347.7433437257078	33.06017670573349	2.7550147254777904	4.621988046384743	0.35807881407870273	4.296945768944433	1.8468906490025683	0.8429732267068979	3.6538997352179097
log4j-42108-method-sig	0.3937214561539044	1.0	0.2748930301581902	0.08209775441207229	1.0	0.26517797278115385	0.4823320305359273	0.8158986714740888	0.583437803759143	0.27630337749697914	0.9902912621359223	979.1447321208951	28.579633921961644	2.0414024229972605	3.2349880110208673	0.11442388349079256	1.601934368871096	0.2638801462931579	0.39447687227763195	2.3321438952355904
log4j-41156-both-sig	0.47001664119223	1.0	0.26269092130727995	0.08234702650767381	1.0	0.26486076492799393	0.462916689737947	0.8710173347114826	0.451025613206152	0.25598536232477653	0.9967637540453075	1073.3924749153446	34.1882331790868	2.4420166556490575	4.621988046384743	0.29610015637227544	4.145402189211856	1.8468906490025683	0.5300466198362088	3.6538997352179097
log4j-50287-base	0.3528835234655183	0.760019852157381	0.3428677734775703	0.055145648002790856	0.2	0.08178137230708092	0.2063560078129357	0.5064244751243774	0.23235648740780196	0.21055356962561195	0.11650485436893204	1315.3970197602848	8.970352812191493	1.2814789731702132	2.50773612661773	0.04859999640702318	0.3401999748491622	0.16641057698113995	0.46544093928712554	2.5552874465497997
log4j-34874-method-sig	0.33417678717713817	1.0	0.2878782951210883	0.00686310400642996	0.05263157894736842	0.014016031141002635	0.42229329816163075	0.8387220873279108	0.4995282958799024	0.3044077887914168	0.9967637540453075	89.73925916287924	33.03475339091986	2.0646720869324913	5.091441192735849	0.09847175081121656	1.575548012979465	0.2692004099047931	0.2977201652755609	2.5552874465498
log4j-43113-method-sig	0.34930023352892864	1.0	0.28822990199255616	0.08466868587002009	1.0	0.26118908706140487	0.512889030759155	0.8158986714740888	0.6060874494616599	0.2902833864971213	0.9902912621359223	946.6075121002411	28.516558070610934	1.9011038713740622	4.289849136683893	0.09869434602903968	1.4804151904355953	0.5084427186900976	0.20460270609602377	2.6888188391743224
log4j-42281-both-sig	0.439536426202785	0.8797319147946455	0.24260557909604574	0.024598747895544525	0.25	0.06136629796412884	0.439492292953526	0.8703744803075192	0.47428942715709205	0.253260549471538	0.8446601941747572	256.7063833509288	39.15372911646216	2.4471080697788845	4.629747445180806	0.450767460531592	7.212279368505473	3.4922954342828283	0.42166423325100083	2.9607525546579643
log4j-50238-field-sig	0.4774511690938788	1.0	0.3128121597786326	0.11515572551492881	1.0	0.27536475147193196	0.33414518452341124	0.8387220873279108	0.32506001253590455	0.2718190854808787	0.9967637540453075	1281.852120045246	29.162515112471667	1.9441676741647778	3.319231531033867	0.15471109866827104	2.320666480024066	0.7187162483329174	0.4812954314067003	4.347046915777855
log4j-35831-both-sig	0.40029910364789895	0.6904494468479144	0.21948912703956872	0.0140033286846271	0.07142857142857142	0.020923656552700624	0.5420025425503124	0.8710173347114826	0.5853817797547741	0.22230616113917467	0.9967637540453075	179.85875362535052	30.060910903182357	2.3123777617832584	3.8001989946405255	0.19103598801253668	2.4834678441629774	0.6459581856183543	0.5709082266737596	3.450958891221219
log4j-49812-method-sig	0.4123915717022413	0.6904494468479144	0.21546495805959312	0.010795859673090654	0.03571428571428571	0.012187858882814954	0.40265032315336863	0.7122832741914193	0.40085079986952354	0.21155774919062603	0.7055016181229773	120.66244298687306	40.03494747389432	2.3549969102290773	3.8001989946405255	0.23075840126414265	3.922892821490425	0.6459581856183543	0.5388214421016762	3.381966019734268
log4j-44386-both-sig	0.3442573124073632	1.0	0.28229453329522075	0.07120893730166329	1.0	0.2570701225933091	0.45794871792085023	0.8710173347114826	0.5553396266451344	0.30334723540166075	0.9967637540453075	792.6599119422216	28.521399939588495	1.9014266626392335	4.289849136683893	0.11730360313600871	1.7595540470401307	0.6148500697764638	0.31406956129300334	2.880709846984428
log4j-48784-both-sig	0.30359421440056716	1.0	0.27198956782274886	0.07423907464665565	1.0	0.2665450263934377	0.48445338337244626	0.8387220873279108	0.6487668089412185	0.31326666018169846	1.0	885.4176265643847	24.237299982314177	1.7312357130224414	3.6933945070079504	0.13991895101087196	1.9588653141522077	0.7705044521548511	0.28348295171195365	3.248434627109745
log4j-36800-field-sig	0.47664553118579017	1.0	0.24749767304370118	0.0353290805339764	0.2	0.052055811620407136	0.4184306890850662	0.8710173347114826	0.40667531368135745	0.23503303994667896	0.9967637540453075	1341.9287286225874	45.079979349446404	2.25399896747232	3.3748239011089023	0.1817379944863112	3.634759889726224	1.068202269060951	0.6344307613653796	3.7874311278424324
log4j-42099-base	0.0	0.0	0.0	0.0	0.0	0.0	0.0	0.0	0.0	0.0	0.0	0.0	0.0	0.0	0.0	0.0	0.0	0.0	0.0	0.0
log4j-49003-field-sig	0.4112272442745152	1.0	0.2921154773410171	0.09044978146710932	1.0	0.24020502050087303	0.4233445248458252	0.8387220873279108	0.4406438764097287	0.2892557063531728	1.0	839.0322728403432	33.4335538187176	1.8574196565954222	3.3009219653091413	0.14166385125458733	2.5499493225825725	0.7938270235203925	0.28042534453446705	2.6888188391743224
log4j-45636-base	0.7002671943708193	1.0	0.22728435122822446	0.24217852160010855	1.0	0.3844539901685211	0.24433205739864147	0.5581085898410766	0.1965570755994567	0.2133987504837034	0.20064724919093851	6739.505351435553	13.954677920494886	2.325779653415814	3.600722962858241	0.3155784068773234	1.8934704412639403	1.2564551584820498	0.956258262384391	2.9607525546579643
log4j-42283-base	0.4514591314491004	1.0	0.44766856079467565	0.26055253623188407	1.0	0.35466509343134506	0.17808567836278372	0.8703744803075192	0.060448798273438936	0.29607777153879977	0.6634304207119741	5438.122259963768	7.2721837429405705	0.9090229678675713	1.8136310875423314	0.0024525927783702077	0.019620742226961665	0.019620742226961665	-0.002557642638334884	0.4300363688386696
log4j-49812-field-sig	0.4410028428113009	1.0	0.2521039786435856	0.022112642907371343	0.2	0.047924478013401994	0.37071076129725894	0.6674624071494882	0.40085079986952354	0.21614086242543776	0.7605177993527508	231.8145565277151	40.22103156874724	2.36594303345572	3.8001989946405255	0.19781819001500187	3.3629092302550316	0.6260674472714279	0.4230917020823965	3.4307561839037
log4j-17862-both-sig	0.33400631871352865	0.7216774859254128	0.1918226835157248	0.01087049086399825	0.1111111111111111	0.029032163418858527	0.5378934403346599	0.9580285615099561	0.5960068206553704	0.25269623368650146	1.0	137.5356298196238	29.00068328751616	2.0714773776797255	3.4600210909832705	0.15968445702818343	2.2355823983945684	0.7335956282134737	0.36298794107704846	3.1430741114519187
log4j-42099-field-sig	0.0	0.0	0.0	0.0	0.0	0.0	0.0	0.0	0.0	0.0	0.0	0.0	0.0	0.0	0.0	0.0	0.0	0.0	0.0	0.0
log4j-32582-both-sig	0.4616564350430029	1.0	0.265855974201688	0.07082939793200245	1.0	0.22764635750805431	0.3908478685271174	0.7122832741914193	0.42390186032104454	0.2291055587145379	0.8252427184466019	693.7600839675639	43.36985255920196	2.282623818905366	3.6360790982634317	0.21359444716524037	4.058294496139567	0.7679702611228612	0.5273181428054146	3.9415818076696905
log4j-45982-method-sig	0.3758850490764722	0.8797319147946455	0.18425975372846237	0.02302728280602224	0.25	0.06314181117478995	0.5565670289556985	0.7655618776987037	0.6060874494616599	0.16848608672102622	0.9029126213592233	232.9286636282711	38.700167931817454	2.2764804665774974	3.0750583678640937	0.12547714163734758	2.133111407834909	0.28748019225601795	0.5610501600786175	1.8831936751876868
log4j-44644-method-sig	0.4462025577394933	1.0	0.24393426095997445	0.028414312500248826	0.25	0.06577262468812571	0.48523628950657	0.8387220873279108	0.5189657129238139	0.246818440040624	0.9967637540453075	342.6827925277463	33.06284200128893	2.3616315715206375	3.2711213672919213	0.22283800985481975	3.1197321379674765	1.068202269060951	0.5722813731032251	2.9607525546579643
log4j-41219-field-sig	0.31133060971601645	0.6641304017393355	0.21788935646228985	0.008596850968767491	0.037037037037037035	0.012521051225455078	0.41872464756423744	0.7655618776987037	0.4500937159450953	0.27324443716114755	0.7702265372168284	102.53095713978895	25.825859512678417	1.8447042509056013	3.3009219653091413	0.14488730082527235	2.028422211553813	0.7938270235203925	0.26155372464579896	1.5589540070021086
log4j-44644-field-sig	0.47227334721859565	1.0	0.26138851492872833	0.049412563605753794	0.3333333333333333	0.10432275488893622	0.46987714252932455	0.8710173347114826	0.4616609931914435	0.2510822215447904	0.9967637540453075	589.3224693128516	31.89047596782447	2.2778911405588906	2.84860744357345	0.13430591764680772	1.880282847055308	0.30347150498403525	0.5498107946566182	2.9607525546579643
log4j-41219-method-sig	0.26118989262555337	0.5594982546447221	0.182755153033563	0.004958057029589176	0.037037037037037035	0.009989494068821776	0.4665119840334647	0.8387220873279108	0.532216155426974	0.2802825200421902	1.0	59.13262131032598	24.322911860260007	1.7373508471614292	2.6984703322056913	0.09175349695278223	1.2845489573389517	0.23179589136494638	0.16101113295549696	1.3766324502081537
log4j-48784-method-sig	0.2960901307513737	1.0	0.25823756468762277	0.07440594924851658	1.0	0.266498199768945	0.5013145497235737	0.8158986714740888	0.6487668089412185	0.30174379182916156	1.0	887.4078684230933	23.540903878233294	1.681493134159521	3.03376843899903	0.09412422502761357	1.31773915038659	0.45751952555038145	0.26938792675184997	2.4375044108934163
log4j-44386-base	0.42132370525443713	1.0	0.42567903563881343	0.20699440447641887	1.0	0.4434495305756231	0.12502136279180637	0.40085079986952354	0.0	0.1822226782262215	0.09061488673139159	6912.453940847323	6.828063934438951	1.3656127868877903	3.3203278078212213	0.15625212935152075	0.7812606467576038	0.6148500697764638	0.0	0.0
log4j-28647-both-sig	0.35946902545690146	1.0	0.2569572321517186	0.07311853773744918	1.0	0.2568215601761606	0.5799102272664497	0.8387220873279108	0.6674624071494882	0.23550669251237213	1.0	820.8955415063864	30.2373646154967	2.01582430769978	3.422484195837004	0.07157019823955936	1.0735529735933904	0.13345762110788786	0.37031473311459634	5.0401940963378005
log4j-35831-base	0.4305186235996818	0.6641304017393355	0.27874103163299513	0.032219981930763975	0.07142857142857142	0.036143551593378634	0.5223886512471346	0.8158986714740888	0.42913590475748553	0.2597567923906782	0.9870550161812298	1793.2782743145076	5.929861633240242	1.9766205444134142	2.416808606269855	0.08484374535403263	0.25453123606209793	0.1441310600697472	0.3077061235089783	0.8970593699462676
log4j-28647-field-sig	0.48946965452191277	1.0	0.2981700102518382	0.10508515429185199	1.0	0.26160880891636995	0.4608610425108578	0.8387220873279108	0.4695682545619067	0.27890912160222625	1.0	1176.730868127836	32.05903241191224	2.1372688274608165	3.422484195837004	0.09650994803107248	1.4476492204660871	0.4681484820250068	0.554076655844799	5.0401940963378005
log4j-45636-field-sig	0.4722409588308176	1.0	0.27166230905994126	0.09378671234265737	1.0	0.2517560479316266	0.4031870825252142	0.8710173347114826	0.4302326082463239	0.2602028127697586	0.941747572815534	978.7346833298866	35.43157055095895	2.2144731594349345	3.600722962858241	0.21401833411513596	3.424293345842175	1.2564551584820498	0.7623188949275431	2.9607525546579643
log4j-42281-base	0.3881053444363915	0.760019852157381	0.27392989188893624	0.05517156813569111	0.25	0.09715421217395621	0.4301994673279818	0.8703744803075192	0.4554592703627697	0.2942084373875388	0.7119741100323624	1535.3511791254357	9.868774256000199	1.6447957093333665	2.3759731659314154	0.05039384410717563	0.30236306464305374	0.12528425848216374	0.3389937706199303	1.3361523944841862
log4j-42283-field-sig	0.43328439875431485	1.0	0.3166967160442328	0.12370041764508882	1.0	0.2610674071190605	0.3556902836077356	0.8703744803075192	0.34403624002862054	0.28528253670485915	0.9967637540453075	1147.4725630575429	32.66554612899068	1.8147525627217043	3.8335007358545146	0.12179194435151734	2.1922549983273116	0.6242086896333437	0.22923394436037245	2.960752554657964
log4j-46983-method-sig	0.3679505950161676	0.809610802113005	0.25329642176627	0.02279609947463108	0.2	0.05157530000448596	0.3972985448924039	0.8387220873279108	0.33481839610256126	0.2642211599643833	1.0	223.90060714577055	33.789037923473614	1.9875904660866834	3.544809634788093	0.1679335652624246	2.854870609461218	0.6242086896333437	0.3842008273446254	2.911962390488532
log4j-43113-field-sig	0.3689537983983886	1.0	0.2948704644889659	0.08601662895426769	1.0	0.26076508426707123	0.5068244722012077	0.8710173347114826	0.6170476401376873	0.30816447012387543	0.9967637540453075	961.6120956111073	28.541788245186392	1.9027858830124262	3.6933945070079504	0.1682183616297388	2.523275424446082	0.7705044521548511	0.1927273866782477	2.4375044108934163
log4j-43113-base	0.41070970219887676	1.0	0.45875106441395896	0.2500925497454882	1.0	0.4329459232621306	0.3626287475536989	0.8158986714740888	0.1813463948203168	0.42034799760997765	0.9870550161812298	8360.962572882925	5.218025475258569	1.043605095051714	1.9319696917840155	0.023558575747275972	0.11779287873637986	0.06998274873464129	0.006514750145166927	0.013029500290333897
log4j-41565-both-sig	0.3527205697733651	0.809610802113005	0.1896293793330729	0.010318423884476121	0.1111111111111111	0.027463935305669516	0.5771222424775675	0.9913192061179313	0.6061204466408419	0.20091326158730496	0.9967637540453075	112.51192132280438	36.43205457117301	2.2770034106983132	3.4847217834536246	0.1810367191275139	2.896587506040223	0.9000314889916693	0.48278641944020323	1.9362482381435766
log4j-41476-both-sig	0.35962882913328686	0.760019852157381	0.21034997749952178	0.016298573997663306	0.14285714285714285	0.03552101750577485	0.445305200965864	0.8387220873279108	0.4288476352866346	0.2234840575654982	0.9967637540453075	151.18919430765766	37.95976415971986	2.108875786651103	3.544809634788093	0.14924653910602495	2.686437703908449	0.6242086896333437	0.29403699916108506	2.6124458603897485
log4j-40951-both-sig	0.3401959020536248	0.6414039676296419	0.19137970897707518	0.011454983707912869	0.1111111111111111	0.03155275667005109	0.5769979309530755	0.8710173347114826	0.6250950911271564	0.2196463338736669	0.9967637540453075	160.99817165059977	26.701629652978855	2.2251358044149043	3.710151418108572	0.18789874578649182	2.2547849494379015	0.5798047661808555	0.2357441669854199	1.733307394146886
log4j-17862-method-sig	0.33126545612932384	0.7216774859254128	0.19282403465943435	0.010690488376797841	0.1111111111111111	0.029095263844105736	0.525910401063445	0.9580285615099561	0.5793652479109981	0.24764315468984469	1.0	135.38881729870752	29.28418603419604	2.091727573871146	3.4600210909832705	0.16665380667900928	2.3331532935061303	0.7335956282134737	0.3550756455227435	3.1430741114519187
log4j-46983-field-sig	0.3742737453959158	0.809610802113005	0.25797705327416603	0.022833472525491078	0.2	0.05155307064060967	0.39816731364742697	0.8387220873279108	0.33481839610256126	0.2650950582087196	1.0	224.26768085448796	33.98953877904709	1.9993846340615937	3.5964692208308797	0.17098882185269504	2.9068099714958158	0.6242086896333437	0.3082160282033337	2.6888188391743224
log4j-49003-base	0.47903786751275934	1.0	0.3762889624777002	0.194213903944595	1.0	0.3432234895702408	0.2538680870872684	0.7265153559646169	0.21157079395703626	0.2659444026631532	0.4368932038834951	4053.5354961796147	11.230619903835166	1.4038274879793955	2.50773612661773	0.04705881220568958	0.37647049764551666	0.16641057698113995	0.1273431174098293	1.6902900090631954
log4j-32582-method-sig	0.46922209019479016	1.0	0.260784805218319	0.0709987290307442	1.0	0.2275931662386239	0.3785724609959466	0.6960192745486817	0.42390186032104454	0.21684664182952554	0.8220064724919094	695.2481656633063	44.02893438241565	2.317312335916613	3.6360790982634317	0.21774173547386189	4.137092974003376	0.7679702611228612	0.5139178910621489	3.9415818076696905
log4j-46574-method-sig	0.4508089367938424	1.0	0.2356654959761786	0.10880345921668191	1.0	0.26840057879427415	0.5004403572394149	0.7655618776987037	0.5269037730632185	0.21630911977288003	0.8543689320388349	1135.4456995204882	34.40663862496312	2.150414914060195	3.03376843899903	0.09900438124741372	1.58407009995862	0.2164906108127776	0.501890789799566	3.0942839472824866
log4j-28647-method-sig	0.37133252943652195	1.0	0.2493706639755395	0.0731768805112243	1.0	0.2568038443810791	0.5627853687033879	0.7655618776987037	0.654077768599046	0.22538082706636217	0.883495145631068	821.544982147905	31.36372516165326	2.090915010776884	3.422484195837004	0.08141870525353083	1.2212805788029624	0.14077915162768737	0.4482705383213109	5.0401940963378005
log4j-49812-both-sig	0.4103252398200924	0.6904494468479144	0.2169296153176291	0.010701478744275624	0.03571428571428571	0.01226334991389153	0.4084880463401938	0.7122832741914193	0.40085079986952354	0.2185044837959419	0.7119741100323624	119.73544460769051	40.074253398044746	2.3573090234143965	3.8001989946405255	0.23182382314493197	3.9410049934638436	0.6459581856183543	0.5222631285286304	3.381966019734268
log4j-36800-both-sig	0.423986061594247	0.809610802113005	0.2056851606498718	0.024248471953174873	0.1	0.03573697596499673	0.4574599246201638	0.7655618776987037	0.5248638236454748	0.21048656373167426	0.8478964401294499	1249.4211598249076	44.55989024120362	2.227994512060181	3.442833356822999	0.199390453582043	3.98780907164086	1.068202269060951	0.5137058081928542	3.7874311278424324
log4j-42283-method-sig	0.3496741990837253	1.0	0.3091949522244493	0.11657052160134099	1.0	0.26335540538640834	0.440670916617368	0.8703744803075192	0.541124421072075	0.3179168608882555	1.0	1081.334062934395	28.14360498916641	1.563533610509245	3.03376843899903	0.0534235166115482	0.9616232990078676	0.2164906108127776	0.16961091530853903	2.4375044108934163
log4j-41156-field-sig	0.5411385233830688	1.0	0.21516243832736695	0.08741392610679126	1.0	0.26347870359797304	0.3937057261262414	0.8158986714740888	0.3886884061065441	0.20182826537685936	0.9870550161812298	1133.8232149056184	36.76579617699824	2.6261282983570173	3.955669715114134	0.2372635287243489	3.3216894021408847	0.7705044521548511	0.45326861234931926	2.788902297731305
log4j-46983-base	0.342095252622646	0.809610802113005	0.34554442477384006	0.04736652236652237	0.2	0.07646441533625889	0.20748170459994242	0.5475755273632024	0.1839974487890508	0.2218864580214048	0.18446601941747573	1129.8404246547102	9.271836993013217	1.324548141859031	2.50773612661773	0.06827025018065733	0.47789175126460126	0.16641057698113995	0.13622069109664908	1.4601534222580148
log4j-41565-base	0.45679713268152305	0.809610802113005	0.2827349826657526	0.0248030537866387	0.1111111111111111	0.04306452490547704	0.5054573940121275	0.9913192061179313	0.49208563467251476	0.3199663957252464	0.9870550161812298	690.2359161437728	14.354561490835179	2.3924269151391964	3.4847217834536246	0.28647216538720344	1.7188329923232206	0.9000314889916693	0.4534954481794171	1.638996714675645
log4j-44644-base	0.5129879171237177	1.0	0.33994733934759314	0.06602010813093528	0.25	0.12271177101883393	0.420436705140034	0.6960192745486817	0.49286377300572715	0.30113785336111587	0.41423948220064727	2755.8773737096317	9.268017291683384	2.317004322920846	2.745847844466821	0.11230260580514886	0.44921042322059546	0.2584440601934657	0.7640054804134426	1.6224674127244345
log4j-46983-both-sig	0.343484392654626	0.809610802113005	0.2427686217498206	0.021968585345147326	0.2	0.05182174486649341	0.41412727422304213	0.8387220873279108	0.40085079986952354	0.2658479534298087	1.0	215.77286072058467	32.333306510156106	1.901959206479771	3.544809634788093	0.14994556349046229	2.549074579337858	0.6242086896333437	0.2972988499249633	2.6888188391743224
log4j-44386-method-sig	0.3442573124073632	1.0	0.28229453329522075	0.07120893730166329	1.0	0.2570701225933091	0.45794871792085023	0.8710173347114826	0.5553396266451344	0.30334723540166075	0.9967637540453075	792.6599119422216	28.521399939588495	1.9014266626392335	4.289849136683893	0.11730360313600871	1.7595540470401307	0.6148500697764638	0.31406956129300334	2.880709846984428
