sling-2808-method-sig	0.33292979848154103	0.8688476831612741	0.19743959354515697	0.0049642030074578914	0.0625	0.015016777578365123	-0.0700632300391172	0.0	0.0	0.1913910513354811	0.14117375231053605	700.3711074044182	42.288587180049035	2.4875639517675903	3.785704680486122	0.8388736308546343	14.260851724528782	13.033652839231662	0.0	0.0
sling-3455-field-sig	0.3314561364341288	0.8345173293585335	0.21503991368804834	0.013393056922767302	0.16666666666666666	0.04268362361121312	-0.026817779083541493	0.0	0.0	0.1038648117728258	0.010628465804066543	2027.9606075771178	34.52903746815428	2.301935831210285	3.385758167579545	0.17818230187362127	2.672734528104319	2.672734528104319	0.0	0.0
sling-1519-method-sig	0.29044240257751197	0.6369425860894536	0.16394221467893932	4.5557428665925394E-4	0.003236245954692557	7.890884581799425E-4	-0.3337613565250953	0.0	-0.13879916117359312	0.3699341761349299	0.9942236598890942	99.29993673339033	41.68209891293417	2.6051311820583853	5.189527472508515	97.13250655661554	1554.1201049058484	1445.926358876011	0.08968868779055439	10.762642534866512
sling-4307-base	0.34942278949370414	0.6115726182243452	0.1890573343585037	0.0059801385539255065	0.018518518518518517	0.008365786027376108	0.0	0.0	0.0	0.0	0.0	2716.516211007407	11.988391741141651	2.39767834822833	3.0511260356368015	0.0	0.0	0.0	0.0	0.0
sling-4324-base	0.48682859928655436	0.767764985418533	0.21768676637112847	0.026073854444636068	0.1111111111111111	0.04796197362325341	0.0	0.0	0.0	0.0	0.0	11844.215254144381	14.388898383236343	2.8777796766472687	3.5767045167425806	0.0	0.0	0.0	0.0	0.0
sling-2871-both-sig	0.37883511287617844	0.7378055417350364	0.17019076110713738	0.003927164399491931	0.047619047619047616	0.01258779005199875	0.0	0.0	0.0	0.0	0.0	657.8144391672517	42.1477831068996	3.010555936207115	4.469477257330003	0.0	0.0	0.0	0.0	0.0
sling-2594-method-sig	0.2960302934149549	0.5014086298600371	0.12147302467486758	0.0016158047189837167	0.007142857142857143	0.002420049282260144	-0.3113931145256135	0.0	-0.440808731340408	0.2944018848439537	0.3710720887245841	431.9727386434003	43.135293497247304	2.3964051942915168	3.0646034226811327	5.072417508130075	91.30351514634134	46.09588852519692	0.14322734344735086	11.79749252127522
sling-1781-method-sig	0.30121692578319126	0.6692822963701308	0.1862458414970765	0.0035064200440551693	0.045454545454545456	0.011325088460224184	-0.14056960285558792	0.0	0.0	0.23309285296571933	0.20702402957486138	499.11055481240805	40.01746539434056	2.501091587146285	5.189527472508515	92.52831834107766	1480.4530934572426	1445.926358876011	0.0	0.0
sling-1282-field-sig	0.2915123180902976	0.8078948174171074	0.22739775608360785	0.00492331075632897	0.05	0.01315357983077388	-0.023953158609065585	0.0	0.0	0.09581263443626237	0.013170055452865065	698.8891938285237	34.19058361739839	2.1369114760873997	3.9010343593892443	2.8322689722651075	45.31630355624171	45.31630355624171	0.0	0.0
sling-1675-both-sig	0.3325956306350517	0.8078948174171074	0.19904714801597337	0.009753439977349062	0.125	0.02931088591396115	0.0	0.0	0.0	0.0	0.0	1154.0478302195602	48.868171622078	2.4434085811039	3.6885235137196433	0.0	0.0	0.0	0.0	0.0
sling-4900-field-sig	0.36209064106030864	0.8688476831612741	0.21739172757210964	0.023926112663231813	0.3333333333333333	0.08276116136332766	-0.08786067081695775	0.0	0.0	0.19269188037604826	0.07740295748613678	3396.4343138731538	39.32232818131164	2.4576455113319775	3.5944369891916423	0.896540388989886	14.344646223838172	7.704343688379112	0.29899523873514977	12.853618433158223
sling-4112-both-sig	0.2809933538060064	0.6620693758825617	0.17331945716922165	0.001996100804399216	0.015625	0.004528595779059353	0.0	0.0	0.0	0.0	0.0	292.876825382785	40.02265035675656	2.223480575375364	3.415538503251043	0.0	0.0	0.0	0.0	0.0
sling-1705-base	0.17904563844375487	0.2751970734701861	0.09243884183412787	1.5292099831786622E-4	4.278990158322636E-4	1.4148763884819823E-4	0.0	0.0	0.0	0.0	0.0	43.415838862674974	13.986616829092219	1.7483271036365273	2.4357439159607566	0.0	0.0	0.0	0.0	0.0
sling-2898-method-sig	0.281976995938489	0.5014086298600371	0.10975187328259263	8.763366156477698E-4	0.0026595744680851063	9.460773533848418E-4	-0.07536581794030883	0.0	0.0	0.20617546128792347	0.1367837338262477	320.3710912071348	38.066528723734265	2.379158045233392	3.510569841040179	1.5121468994335356	24.194350390936567	23.47012220562406	0.0	0.0
sling-1781-field-sig	0.3282397768328054	0.7518448520737152	0.18613871324647097	0.004026029678043771	0.045454545454545456	0.011284865637975532	-0.07517109752275652	0.0	0.0	0.17586785185273066	0.06377079482439926	571.5155462004133	40.641834023215445	2.5401146264509653	4.503875902064222	16.5658488547851	265.0535816765615	229.34974670063988	0.2527682331662625	10.602981733880485
sling-2593-base	0.25201292283487975	0.4663247117081672	0.24543309061202156	0.0019512412017259192	0.005813953488372093	0.002733634641063937	0.0	0.0	0.0	0.0	0.0	1107.9547547846123	7.1405358036665145	1.7851339509166286	3.373584496049092	0.0	0.0	0.0	0.0	0.0
sling-2405-method-sig	0.3645855039784062	0.7252498490444695	0.1780652893641225	0.008231502056082767	0.08333333333333333	0.022497097217423174	-0.11872385090979598	0.0	0.0	0.20627670053014965	0.09935304990757855	1435.044838680242	38.139388348676704	2.7242420249054793	3.8408825273064093	3.2936542182275383	46.11115905518553	31.49970403022341	0.0	0.0
sling-2366-both-sig	0.44157848936276045	0.8078948174171074	0.1683767067388334	0.007284291499537197	0.07142857142857142	0.01865919153485045	0.0	0.0	0.0	0.0	0.0	2064.671323785628	42.55417351789354	3.0395838227066814	4.113862823075144	0.0	0.0	0.0	0.0	0.0
sling-1004-base	0.3485619170874027	0.6427421402682041	0.2118414614517163	0.0062679299569462785	0.034482758620689655	0.011974566147833635	0.0	0.0	0.0	0.0	0.0	1785.965878427544	18.980937136542636	2.3726171420678295	3.542061633936019	0.0	0.0	0.0	0.0	0.0
sling-1446-both-sig	0.3307803534804171	0.5068829557228375	0.13348342960659504	0.001353325237011843	0.006024096385542169	0.0019965364374668003	0.0	0.0	0.0	0.0	0.0	219.55594649790947	37.678202478061856	2.6913001770044183	3.697981682373571	0.0	0.0	0.0	0.0	0.0
sling-1519-base	0.2556054336565103	0.5365160947628548	0.16912641022110664	7.326543230754018E-4	0.003236245954692557	0.0012404305934326295	0.0	0.0	0.0	0.0	0.0	338.9064639019175	13.00965296273873	2.1682754937897886	3.612545966586713	0.0	0.0	0.0	0.0	0.0
sling-1981-field-sig	0.24261898816999367	0.470338718637884	0.14363790625358494	8.742501862330182E-4	0.005813953488372093	0.0015237877647939339	-0.028548707797359872	0.0	0.0	0.11419483118943947	0.019870609981515713	124.10429446798138	32.92879757844393	2.0580498486527454	3.380918936881338	0.8641703244551393	13.82672519128223	13.82672519128223	0.0	0.0
sling-1562-both-sig	0.2858224531216747	0.7252498490444695	0.16815960493075616	0.0023525284261841474	0.030303030303030304	0.007252704669975609	0.0	0.0	0.0	0.0	0.0	335.23716710581107	39.28267199361148	2.3107454113889103	3.26109143018088	0.0	0.0	0.0	0.0	0.0
sling-1796-base	0.35998720993003186	0.6369425860894536	0.39167404913679643	0.003774511998643648	0.007518796992481203	0.00529521861967513	0.0	0.0	0.0	0.0	0.0	4286.490580651672	4.698939638596694	2.349469819298347	3.7518142066993225	0.0	0.0	0.0	0.0	0.0
sling-1435-base	0.19885816438138576	0.44925478562844817	0.19122314718196556	7.451383233565407E-4	0.002053388090349076	9.887912452267006E-4	0.0	0.0	0.0	0.0	0.0	338.48385226997806	7.964999973223698	1.5929999946447395	3.2293620576561337	0.0	0.0	0.0	0.0	0.0
sling-1662-method-sig	0.3404927647358464	0.8345173293585335	0.24457153876838886	0.005055688899773552	0.034482758620689655	0.011622759872378364	-0.21377547208142664	0.0	-0.07638286439237914	0.26582754900908245	0.32070240295748614	2600.7775354937653	39.6439850981983	2.477749068637393	3.6445840525589728	9.470626133883991	151.53001814214386	48.45699749610353	0.061898320415594274	7.427798449871321
sling-2871-field-sig	0.405656218973198	0.7378055417350364	0.17171293090255238	0.004211052361796241	0.047619047619047616	0.01253576686302748	-0.07556826340760492	0.0	0.0	0.1595338587721742	0.06146025878003697	703.8708405099987	43.87861586946425	3.1341868478188752	4.469477257330003	75.26024018235303	1053.6433625529423	880.2676776306439	0.0	0.0
sling-1333-both-sig	0.26537528663450843	0.6620693758825617	0.13165161872120243	0.0010256769955030495	0.013333333333333334	0.0031847434845124435	0.0	0.0	0.0	0.0	0.0	191.51747267539693	40.196327070485836	2.3644898276756376	3.520546036591925	0.0	0.0	0.0	0.0	0.0
sling-2914-base	0.24382597727305644	0.3692164995445925	0.11397899835995687	5.174542905409922E-4	0.0015723270440251573	6.340173022797055E-4	0.0	0.0	0.0	0.0	0.0	235.05692318570516	10.726822382876486	2.1453644765752973	3.0658306218078244	0.0	0.0	0.0	0.0	0.0
sling-1495-base	0.32644786706654766	0.5605075339935025	0.20201729656054004	0.005159456278752124	0.02040816326530612	0.008624173643734795	0.0	0.0	0.0	0.0	0.0	2343.7160351433363	11.217514131888109	2.243502826377622	3.3294792063242022	0.0	0.0	0.0	0.0	0.0
sling-2311-field-sig	0.43413287643668913	0.9172448816243334	0.3035491359804362	0.010416489755134175	0.07142857142857142	0.020063895738829805	-0.020252415668844326	0.0	0.0	0.04499043413299973	0.0013863216266173752	1689.9132631443329	39.19369030193171	2.799549307280837	4.4088865664375	20.9751178978966	293.6516505705524	287.94798966340124	0.0	0.0
sling-3000-base	0.5462743835159082	1.0	0.28704363864590665	0.017232308256152316	0.0625	0.02607009275845404	0.0	0.0	0.0	0.0	0.0	7827.886312130029	15.248727124711113	3.0497454249422224	3.772588722239781	0.0	0.0	0.0	0.0	0.0
sling-3606-both-sig	0.23852931466214788	0.45154271038326116	0.12477037752388008	4.1006519452230173E-4	0.0024630541871921183	6.715526267279958E-4	0.0	0.0	0.0	0.0	0.0	76.14095039039518	30.56698186749415	2.1833558476781536	3.5944369891916423	0.0	0.0	0.0	0.0	0.0
sling-479-base	0.3577875311799349	0.5763184256850628	0.19230286065669727	0.002620525912820673	0.006535947712418301	0.002971807772724137	0.0	0.0	0.0	0.0	0.0	991.9922227205273	15.419216228083691	2.569869371347282	3.5224511799919718	0.0	0.0	0.0	0.0	0.0
sling-479-both-sig	0.37216795695108046	0.9172448816243334	0.2048413762511115	0.0023262803918784047	0.015873015873015872	0.004155022525666714	-0.03646909863209341	0.0	0.0	0.14587639452837364	0.0799445471349353	475.9683299986764	44.99177924595422	2.8119862028721383	4.7175140032869995	2.048680602387215	32.77888963819544	32.77888963819544	0.0	0.0
sling-2788-both-sig	0.3102740084575425	0.5519522612882428	0.16339188133091462	0.0020289550925836294	0.02040816326530612	0.005343258333945146	0.0	0.0	0.0	0.0	0.0	463.65194222097625	35.5514468832351	2.539389063088221	3.680584926574432	0.0	0.0	0.0	0.0	0.0
sling-1638-method-sig	0.33377082267987096	0.6620693758825617	0.13640018285327002	0.0013071024199006324	0.010869565217391304	0.0027264758998155857	-0.21760974959258808	0.0	0.0	0.287288305528169	0.2525415896487985	212.47238350248637	41.35667604408505	2.7571117362723365	3.6558071169623165	2.2908977513493016	34.36346627023952	9.948728278053224	0.10165068173787573	10.673321582476957
sling-2366-method-sig	0.44157848936276045	0.8078948174171074	0.1683767067388334	0.007284291499537197	0.07142857142857142	0.01865919153485045	-0.22393386277237284	0.0	-0.08217354347315654	0.2640084817067802	0.27495378927911274	2064.6713237856275	42.55417351789354	3.0395838227066814	4.113862823075144	4.03734423138642	56.5228192394099	13.527547198647264	0.46966673963013084	13.697768970529026
sling-1704-field-sig	0.2845984011339711	0.6314141498805587	0.14118898578599806	0.0017243546329652505	0.018518518518518517	0.0045842196915867545	-6.873075706982743E-4	0.0	0.0	0.002749230282793098	4.621072088724584E-4	244.78097746691122	37.66599443903513	2.3541246524396957	3.3920045112340844	0.0018939593825127497	0.030303350120204003	0.030303350120204003	0.0	0.0
sling-4155-base	0.4094363571658698	0.7252498490444695	0.2524331013276186	0.00550592382477028	0.015873015873015872	0.006743681699181034	0.0	0.0	0.0	0.0	0.0	2501.1011353143786	13.052689837599939	2.610537967519988	3.7300576839308284	0.0	0.0	0.0	0.0	0.0
sling-3455-base	0.4647490738825607	0.8345173293585335	0.2849002562015902	0.037967409105408745	0.16666666666666666	0.07230742938791276	0.0	0.0	0.0	0.0	0.0	17246.9385775502	11.749150266738736	2.3498300533477474	3.161701026322271	0.0	0.0	0.0	0.0	0.0
sling-1797-method-sig	0.3467566271232516	0.6369425860894536	0.21371658507517838	0.003188614451301816	0.015873015873015872	0.005168999296100849	-0.12079275174018399	0.0	0.0	0.17093579534811976	0.02841959334565619	1234.0972786614104	36.39381332187699	2.599558094419785	4.743875493422588	60.81234679258126	851.3728550961375	831.3324875745341	0.14147418275429852	12.874150630641152
sling-1096-method-sig	0.2555399442065721	0.4144225874318491	0.09557043118529991	4.2078161610601517E-4	0.0014204545454545455	5.116566331471237E-4	-0.22786277584428113	0.0	-0.01703590353489549	0.2983538857488513	0.3140018484288355	140.68875103564295	37.455749797212285	2.340984362325768	3.5554323557896597	9.367652987391285	149.88244779826053	93.61794533975653	0.1551032199518475	10.620401521881151
sling-1367-base	0.4810724337762322	1.0	0.3579621224028772	0.20704833866931321	1.0	0.44346532372005204	0.0	0.0	0.0	0.0	0.0	94053.03294990302	10.048911166962526	2.0097822333925053	2.945165006579778	0.0	0.0	0.0	0.0	0.0
sling-1619-method-sig	0.3354876421513558	0.6851749778160704	0.19645539943394838	0.00822418774653712	0.05	0.017048182481356637	-0.2281386250583163	0.0	-0.14709911797026176	0.2584261881768932	0.2349815157116451	1259.0585329809553	38.12694757339963	2.3829342233374775	3.612545966586713	5.68067677022753	90.89082832364048	55.36349725531884	0.2861209649567101	14.190765071123051
sling-4155-both-sig	0.385841685339805	0.7378055417350364	0.2001133258685517	0.0033895162795817887	0.015873015873015872	0.004941518496416042	0.0	0.0	0.0	0.0	0.0	513.236487634739	40.83491294802045	2.7223275298680303	3.980054480925208	0.0	0.0	0.0	0.0	0.0
sling-1304-field-sig	0.29500225950700154	0.6851749778160704	0.1739250632538729	0.0018260159837881706	0.017241379310344827	0.0041496670604692365	-0.020387701810160083	0.0	0.0	0.08886793188152907	0.010166358595194085	218.28406503633485	44.83142581055464	2.359548726871297	3.5553946558098053	0.31678017931621977	6.018823407008173	6.018823407008173	0.0	0.0
sling-1796-both-sig	0.2663860937829154	0.6369425860894536	0.15365794852495393	7.977634222860288E-4	0.007518796992481203	0.0021240947196740296	-0.002008374595799842	0.0	0.0	0.00695721368111187	0.0027726432532347504	153.85606060513774	28.500113579965532	2.375009464997128	3.7518142066993225	0.14324159484167154	1.718899138100059	1.718899138100059	0.0	0.0
sling-3536-method-sig	0.2895712355493513	1.0	0.2498128333435681	0.06833809571867884	1.0	0.2577935514538388	-0.053803261793273625	0.0	0.0	0.142855952790591	0.018715341959334567	10354.995546880022	29.745113111059293	1.9830075407372865	3.5385472669528224	1.8841676053686933	28.262514080530405	27.99809773961538	0.0	0.0
sling-2274-field-sig	0.5174145735181395	1.0	0.25303336548946515	0.09301265082671653	1.0	0.26277574912019086	-0.040781943008039584	0.0	0.0	0.1034822268164451	0.013863216266173753	12458.757047748508	50.38915140642202	2.964067729789531	4.758971401153343	37.53248833214983	638.052301646547	545.7061450283165	0.2451784411888631	11.352608138277683
sling-3891-both-sig	0.33688906623708714	0.5186726380289867	0.1312890609871933	0.0011872922129944712	0.005952380952380952	0.0016143962706290402	-0.0031685487856937876	0.0	0.0	0.011855623969344762	0.0016173752310536045	330.9457813858485	38.43955073160857	2.7456821951148975	3.6827411616914567	158.89447746220992	2224.5226844709387	2224.5226844709387	0.0	0.0
sling-2251-both-sig	0.32061175290863386	0.9172448816243334	0.2045900517700827	0.0039384562298110486	0.05	0.012764129857284265	0.0	0.0	0.0	0.0	0.0	683.50382696188	37.533488951035224	2.5022325967356815	3.665064976258559	0.0	0.0	0.0	0.0	0.0
sling-1691-field-sig	0.42542735823156447	0.8688476831612741	0.21265399015787653	0.02830646642604725	0.3333333333333333	0.08837181928868036	-0.09711630617968399	0.0	0.0	0.20721251700933208	0.08364140480591498	4691.895211833217	38.99947130615948	2.785676521868534	3.5923383830522964	1.4895148125804383	20.853207376126136	11.425765575013271	0.0	0.0
sling-1004-field-sig	0.32217233405912665	0.6427421402682041	0.17119463588079975	0.003333374112000121	0.034482758620689655	0.00827907825142353	-0.0177846042647448	0.0	0.0	0.07545368565792143	0.006700554528650647	452.08534577858205	44.47657934843356	2.4709210749129755	3.5900103525211695	1.0960807946306923	19.729454303352462	19.729454303352462	0.0	0.0
sling-1619-both-sig	0.34132752726316196	0.6851749778160704	0.20908767956753516	0.009054845376609317	0.05	0.017089522352515124	-0.0199456068593791	0.0	0.0	0.0797824274375164	0.004390018484288355	1376.9746406900576	37.53332128710335	2.3458325804439593	3.326693142746133	0.16297489100247234	2.607598256039558	2.607598256039558	0.0	0.0
sling-2788-method-sig	0.3125794831898381	0.5519522612882428	0.1727547004804045	0.002112166330467774	0.02040816326530612	0.005326750861652772	-0.3180040499555458	0.0	-0.4370784967247927	0.3179226917460538	1.0	479.25332450074984	35.09700004460396	2.5069285746145686	3.680584926574432	9.123542220150126	127.72959108210176	46.6169649400751	0.1990581100616122	9.66685360963514
sling-2871-method-sig	0.35489703097768477	0.7378055417350364	0.16475639180368631	0.003869848211806859	0.047619047619047616	0.012603641931665445	-0.16595186582989999	0.0	0.0	0.26229526422578964	0.28211645101663585	648.5157802102714	39.84724192718834	2.846231566227739	4.327994413914185	15.129367797107086	211.81114915949922	127.74070623031211	0.12029199382714895	10.946571438270562
sling-1284-method-sig	0.3082057560432277	0.7252498490444695	0.19899689895982844	0.007020931702558175	0.07692307692307693	0.02030996669346831	-0.1539774765068618	0.0	0.0	0.2425131811511773	0.16474121996303143	1104.756844204911	35.27895804115274	2.35193053607685	3.6123334126259206	3.838795541559171	57.58193312338757	26.070701759622963	0.09431622314455579	9.90320343017835
sling-2251-base	0.46599094258357726	0.9172448816243334	0.26928400638320876	0.01091380946519537	0.05	0.021865204710374286	0.0	0.0	0.0	0.0	0.0	4957.667797945575	14.818149934720282	2.9636299869440568	3.665064976258559	0.0	0.0	0.0	0.0	0.0
sling-1691-method-sig	0.42673997865103497	0.8688476831612741	0.2412161027016897	0.02739016000797583	0.3333333333333333	0.08826662578047595	-0.3517712440355965	0.0	-0.36691592721984195	0.27840821767598584	0.9946857670979667	4543.238763701071	38.529101171638246	2.752078655117018	4.032777300557879	21.844730501663637	305.8262270232909	80.92774325568634	1.0106667235195217	11.172576221865803
sling-4750-both-sig	0.24824093094707356	0.4879618238190535	0.09743415701951766	3.558131284889843E-4	0.0019267822736030828	5.223578611852904E-4	0.0	0.0	0.0	0.0	0.0	77.61710093652951	29.993592675645626	2.307199436588125	3.5386522449901032	0.0	0.0	0.0	0.0	0.0
sling-4651-field-sig	0.4834862702281233	0.9172448816243334	0.19949380293449617	0.035257781911358435	0.3333333333333333	0.09072845755135776	-0.10883385155445524	0.0	0.0	0.20699886504896653	0.09796672828096119	4724.519654670903	51.55675161798076	3.0327500951753392	3.68188073887135	2.8616886235675882	48.64870660064899	20.680136735679355	0.15797474938865175	11.009663387150853
sling-3536-both-sig	0.2895712355493513	1.0	0.2498128333435681	0.06833809571867884	1.0	0.2577935514538388	0.0	0.0	0.0	0.0	0.0	10354.995546880022	29.745113111059297	1.9830075407372865	3.5385472669528224	0.0	0.0	0.0	0.0	0.0
sling-4895-base	0.30596475792024735	0.4928230478646971	0.17199809699143254	0.0017076443494980905	0.005780346820809248	0.00237291203707058	0.0	0.0	0.0	0.0	0.0	775.7083746833446	11.809875802847177	2.3619751605694352	3.4179327615987436	0.0	0.0	0.0	0.0	0.0
sling-3673-field-sig	0.3305429407207567	0.6620693758825617	0.1628751092513432	0.0035011561985084346	0.02702702702702703	0.008097195156387455	-0.027760307311052706	0.0	0.0	0.11104122924421085	0.02911275415896488	502.47304504960545	41.16100127887084	2.572562579929428	3.553125075997618	2.841372914952308	45.461966639236934	45.461966639236934	0.0	0.0
sling-3517-base	0.6179181778142722	0.9172448816243334	0.27682687119190114	0.16444523729066968	0.5	0.20945502116563405	0.0	0.0	0.0	0.0	0.0	62250.25124067115	13.968241235463548	2.3280402059105914	2.9881970629089802	0.0	0.0	0.0	0.0	0.0
sling-1705-field-sig	0.21294693734782502	0.346799369507983	0.0771866426065493	1.760584776303861E-4	5.0E-4	1.5375740879573603E-4	0.0	0.0	0.0	0.0	0.0	30.195717118685096	37.32945954123343	2.0738588634018575	2.9933750592265107	0.0	0.0	0.0	0.0	0.0
sling-3958-method-sig	0.4238933055463667	0.6427421402682041	0.14620076615108502	0.0027010971715672252	0.012345679012345678	0.004552741717283665	-0.14557470396038177	0.0	0.0	0.22346696072663325	0.06839186691312385	1679.6010537742343	38.645751641867996	3.2204793034889994	4.327994413914185	2.139069931523184	25.668839178278205	17.224553744918698	0.1885158047511362	12.442043113574979
sling-2168-method-sig	0.3570050128296154	0.7861476779189076	0.2293241432979417	0.00837441739043117	0.1	0.024687783127490984	-0.2439246947789506	0.0	-0.14422451142265036	0.2755864567264946	0.3322550831792976	1188.7914674608305	39.267924385361496	2.4542452740850935	3.924345787711424	21.871106038057412	349.9376966089186	127.26566619244052	0.9181101189635352	14.840894866599307
sling-1034-both-sig	0.24592415593656305	0.49448996911818927	0.09832655737270594	5.742520638225303E-4	0.006134969325153374	0.0016060063279146827	0.0	0.0	0.0	0.0	0.0	116.27591524120442	32.40139932814333	2.314385666295952	3.0132983486108955	0.0	0.0	0.0	0.0	0.0
sling-5219-base	0.31675831104560337	0.9172448816243334	0.30190096798834143	0.04803351059492092	0.3333333333333333	0.12580721557847113	0.0	0.0	0.0	0.0	0.0	15585.378287293308	13.135114394735606	1.8764449135336578	3.1870233862985775	0.0	0.0	0.0	0.0	0.0
sling-4895-field-sig	0.28592189116234823	0.4928230478646971	0.11811409829301249	7.752829194045414E-4	0.005780346820809248	0.0014610296714782443	-0.04500561445755683	0.0	0.0	0.1743059952799494	0.11321626617375231	184.90973099076484	37.23487500881451	2.4823250005876343	3.680584926574432	0.5738623044538774	8.607934566808161	8.607934566808161	0.0	0.0
sling-2251-method-sig	0.32991034631332355	0.9172448816243334	0.19955145165731913	0.0039527118037404555	0.05	0.012759603858131232	-0.18329841526796747	0.0	0.0	0.2587694864680649	0.11414048059149723	685.6623888595819	38.5797330540974	2.571982203606493	3.665064976258559	5.161889113105218	77.42833669657827	42.69753174289673	0.29034543014873776	10.676829952279304
sling-3382-base	0.6723116069620901	1.0	0.3031572965608078	0.40053974498854295	1.0	0.5472299186707258	0.0	0.0	0.0	0.0	0.0	181947.7426154136	13.009625777134602	2.6019251554269203	4.075587127536506	0.0	0.0	0.0	0.0	0.0
sling-4307-method-sig	0.3005911184159092	0.8078948174171074	0.20058162928491036	0.008214209016558054	0.09090909090909091	0.023471909145745123	-0.11340093229538972	0.0	0.0	0.21579866253993382	0.13632162661737524	1256.4207024485718	33.347301790466275	2.2231534526977517	3.4224563074265517	0.4705280367777279	7.057920551665919	4.798779756186303	0.12834169432311127	13.475877903926701
sling-1004-both-sig	0.3127520976738591	0.7378055417350364	0.1931070944972909	0.003399071965636798	0.034482758620689655	0.008351271112026007	0.0	0.0	0.0	0.0	0.0	456.56114024933896	43.13416527206666	2.3963425151148146	4.245030727870623	0.0	0.0	0.0	0.0	0.0
sling-3958-base	0.5395791730160153	0.6427421402682041	0.1458944674226968	0.00667942511914143	0.012345679012345678	0.008013293103618799	0.0	0.0	0.0	0.0	0.0	7585.429021726894	6.912601739609087	3.4563008698045437	3.467239795242168	0.0	0.0	0.0	0.0	0.0
sling-2898-both-sig	0.27136408202110157	0.5014086298600371	0.10647349347239117	7.769724700817488E-4	0.0026595744680851063	9.728503450286933E-4	0.0	0.0	0.0	0.0	0.0	242.06050103033022	37.591246437651016	2.3494529023531885	3.510569841040179	0.0	0.0	0.0	0.0	0.0
sling-1691-both-sig	0.3955517335320088	0.8688476831612741	0.2229477074721468	0.026432754850748634	0.3333333333333333	0.08851821754386156	0.0	0.0	0.0	0.0	0.0	4387.914685106977	37.568599860821124	2.6834714186300808	3.697981682373571	0.0	0.0	0.0	0.0	0.0
sling-4900-both-sig	0.32193071393859995	0.8688476831612741	0.22175531068766757	0.023141834381403825	0.3333333333333333	0.08294036170176747	-0.026641744124574963	0.0	0.0	0.10656697649829981	0.013401109057301294	3285.1019923414774	36.38894883371832	2.2743093021073943	3.5386522449901032	0.6000667448266883	9.601067917227013	9.601067917227013	0.0	0.0
sling-5170-field-sig	0.33715793824349977	0.767764985418533	0.17222195553268424	0.010306706159904554	0.14285714285714285	0.036680584253796986	-0.035240228101591727	0.0	0.0	0.1364848165540154	0.033271719038817	1560.629078685356	38.20852790339734	2.5472351935598234	3.7090786682671677	1.2972672319956313	19.45900847993447	19.45900847993447	0.0	0.0
sling-2898-field-sig	0.26597175507608434	0.5014086298600371	0.08705396682749547	6.78823725109188E-4	0.0026595744680851063	8.893926619198674E-4	0.0	0.0	0.0	0.0	0.0	173.4003821126349	37.716677395976134	2.3572923372485084	3.510569841040179	0.0	0.0	0.0	0.0	0.0
sling-3382-method-sig	0.5039643889803738	1.0	0.23877035668711635	0.13559344455916258	1.0	0.35100091619769846	-0.20353222124871095	0.0	0.0	0.23551092069565543	0.09681146025878004	20632.539476582802	45.6607575980542	3.044050506536946	4.075587127536506	33.82451567550322	507.3677351325483	249.76138124502828	0.22093068439666924	11.631939431512045
sling-5025-field-sig	0.2931842480339516	0.6070927103033307	0.14761480310612224	0.0025339972035777433	0.023809523809523808	0.006446262307444897	-0.02615820839689939	0.0	0.0	0.10463283358759756	0.07185767097966728	367.3404187054487	38.804271838463244	2.4252669899039523	3.6123334126259206	28.005564562164032	448.0890329946244	448.0890329946244	0.0	0.0
sling-1096-both-sig	0.25286855888900955	0.4144225874318491	0.0953798581062129	4.235965244179071E-4	0.0014204545454545455	5.102031756356169E-4	0.0	0.0	0.0	0.0	0.0	127.58423924258322	36.99491163127537	2.312181976954711	3.5554323557896597	0.0	0.0	0.0	0.0	0.0
sling-4112-field-sig	0.2912529141912573	0.6620693758825617	0.17607048661131441	0.0019988830297235196	0.015625	0.004553793113553046	-0.08908171004667371	0.0	0.0	0.29545060790804967	0.9916820702402958	512.313017355782	24.645690679844098	2.2405173345312814	3.415538503251043	7.538253721317249E-4	0.008292079093448973	0.008292079093448973	0.0	0.0
sling-1372-both-sig	0.4090931438548537	1.0	0.2550612536794595	0.027338550812738085	0.16666666666666666	0.052792946095343074	0.0	0.0	0.0	0.0	0.0	3880.8473979410874	40.08236976804508	2.5051481105028177	3.4156449969996987	0.0	0.0	0.0	0.0	0.0
sling-2871-base	0.45880948548553063	0.7378055417350364	0.19530673097059342	0.012357459473150962	0.047619047619047616	0.023509654546259806	0.0	0.0	0.0	0.0	0.0	7016.818816774316	12.306893205547922	3.0767233013869806	3.4453619443669194	0.0	0.0	0.0	0.0	0.0
sling-3651-base	0.49933689894305894	0.8688476831612741	0.2805485592576198	0.07154414228576034	0.3333333333333333	0.1465308624776438	0.0	0.0	0.0	0.0	0.0	32499.38451581727	12.922228428532424	2.584445685706485	3.5224511799919718	0.0	0.0	0.0	0.0	0.0
sling-5126-method-sig	0.39319716051456843	0.9172448816243334	0.23113269690599839	0.009184650635810542	0.1111111111111111	0.025323810618110287	-0.5486798214560061	-0.06326466071895809	-0.5960333617480007	0.23180298326908771	0.836645101663586	1116.5312595785656	51.089299457642646	2.688910497770666	4.629460628309351	47.91208480413269	910.329611278521	382.4614238680691	1.5684561716571361	12.030013662149226
sling-1435-method-sig	0.2637583534896925	0.4759186682508503	0.1601234547146499	7.228999363992804E-4	0.002053388090349076	8.254023795186293E-4	-0.09452244875782366	0.0	0.0	0.19571533655284976	0.0427449168207024	233.8292651196348	33.11591481622569	2.2077276544150464	3.5923383830522964	2.850005017205621	42.75007525808431	16.53121456136292	0.0	0.0
sling-1611-both-sig	0.3227903133268354	0.767764985418533	0.1881509392911404	0.0013628170810306825	0.007518796992481203	0.002249627146092377	0.0	0.0	0.0	0.0	0.0	474.3540031353633	38.99772915004246	2.599848610002831	4.522403812539244	0.0	0.0	0.0	0.0	0.0
sling-3781-field-sig	0.32940146796272324	0.7035301994335694	0.20445948568988612	0.0014269502858553185	0.006060606060606061	0.001911360355516527	0.0	0.0	0.0	0.0	0.0	231.50046422557426	35.61062709761172	2.54361622125798	4.295717036983776	0.0	0.0	0.0	0.0	0.0
sling-5126-base	0.44538301156102966	0.9172448816243334	0.24589107453112058	0.016621240020271367	0.1111111111111111	0.03585701943534592	0.0	0.0	0.0	0.0	0.0	4194.613697302442	23.928446383917713	2.658716264879746	3.43468893401907	0.0	0.0	0.0	0.0	0.0
sling-1662-field-sig	0.2967454511244766	0.8345173293585335	0.1908732777361301	0.0026079761492356773	0.034482758620689655	0.00851331724995335	-0.07088432623517901	0.0	0.0	0.19656076476320725	0.11275415896487985	417.6855496477575	37.85099697723901	2.365687311077438	3.6445840525589728	2.5021509352715836	40.03441496434532	39.56657906817487	0.0	0.0
sling-4900-base	0.40882678173373577	0.8688476831612741	0.31841803087644366	0.06065132722287423	0.3333333333333333	0.13391725820445677	0.0	0.0	0.0	0.0	0.0	22959.37796623737	12.402710629871631	2.0671184383119385	3.1207117163803972	0.0	0.0	0.0	0.0	0.0
sling-3382-field-sig	0.49267674214207896	1.0	0.2414195254180321	0.13428824473628423	1.0	0.35148020833144256	-0.017359310090998722	0.0	0.0	0.06723231888408841	0.0030036968576709795	20408.539588123847	45.519064819276544	3.034604321285103	4.371020905843959	5.1993618726488355	77.99042808973253	77.99042808973253	0.0	0.0
sling-1161-method-sig	0.28447281880506164	0.6851749778160704	0.1567792771407788	0.005048081267943215	0.06666666666666667	0.016530117981911122	-0.18957707193348466	0.0	0.0	0.2610188096569074	0.17975970425138632	722.0669866468533	36.520514531585796	2.2825321582241123	3.106460270906469	3.1263876922990783	50.02220307678526	31.80763880181812	0.26814845992937364	12.274596891266476
sling-2168-field-sig	0.3309032744238182	0.6851749778160704	0.1898512107286469	0.0018543206372879557	0.012658227848101266	0.0034320948511788628	-0.031481321213392394	0.0	0.0	0.12592528485356955	0.027264325323475048	263.23031785629144	40.7728151193814	2.548300944961338	3.924345787711424	0.7413992231878723	11.86238757100596	11.86238757100596	0.0	0.0
sling-1495-method-sig	0.2826476479091194	0.6027767359818896	0.17291527577665886	0.002458602509524738	0.02040816326530612	0.005278182029539863	-0.18244865564950746	0.0	0.0	0.27869870764701304	0.2634011090573013	535.7695571913877	32.94679415041602	2.196452943361068	3.642836066127553	1.005410324357494	15.081154865362409	9.874593085264	0.10336509601315895	10.85333508138169
sling-2311-method-sig	0.38212407560846784	0.8345173293585335	0.2019905126265878	0.0029012263866465614	0.02564102564102564	0.006691083950242579	-0.43585973745242584	-0.004089459227527838	-0.4492956995744303	0.26105909985252984	0.572550831792976	607.0102575749877	40.25297874240551	2.8752127673146792	5.189527472508515	565.9758421501589	7923.661790102226	7683.517091602706	0.9504009331522826	11.619421798294717
sling-3651-field-sig	0.4252503181271283	0.8688476831612741	0.21150960091777832	0.02486162954781661	0.3333333333333333	0.08546916473109846	-0.03348120410193104	0.0	0.0	0.12967214589775033	0.025878003696857672	3775.508908042888	43.46877432851368	2.8979182885675785	4.295717036983776	1.0794748128978802	16.1921221934682	16.1921221934682	0.0	0.0
sling-2311-both-sig	0.4184546347991994	0.9172448816243334	0.2773513408200772	0.009301127659691774	0.07142857142857142	0.01976546743634844	0.0	0.0	0.0	0.0	0.0	1508.963130940004	38.6718458118129	2.762274700843779	4.4088865664375	0.0	0.0	0.0	0.0	0.0
sling-2914-field-sig	0.31087760211909354	0.6427421402682041	0.15339986630875285	0.0012901557462391571	0.010752688172043012	0.002691030008215739	-0.0715346836816589	0.0	0.0	0.18949396270461136	0.07139556377079483	290.58578459417237	38.119691075025784	2.5413127383350527	3.8408825273064093	0.8123453033352921	12.185179550029378	6.430117976828186	0.0	0.0
sling-2311-base	0.40520868622650486	0.8345173293585335	0.3266732983368316	0.007112090872542367	0.02564102564102564	0.012378029291287115	0.0	0.0	0.0	0.0	0.0	4038.3909952924428	10.134450548337426	2.5336126370843566	3.891823010226999	0.0	0.0	0.0	0.0	0.0
sling-1284-both-sig	0.3012469077674291	0.7252498490444695	0.20012316916649744	0.006995940278895702	0.07692307692307693	0.020318831911091177	0.0	0.0	0.0	0.0	0.0	1100.9726728236476	34.72974305938497	2.3153162039589987	3.6123334126259206	0.0	0.0	0.0	0.0	0.0
sling-3391-both-sig	0.3702024902226644	0.8688476831612741	0.24634455145955717	0.03451941285009878	0.3333333333333333	0.09664122520537763	0.0	0.0	0.0	0.0	0.0	6533.610088083173	30.387026394011272	2.5322521995009395	3.680584926574432	0.0	0.0	0.0	0.0	0.0
sling-2808-base	0.3948239993456879	0.5832909987567324	0.13478138859559438	0.002799641846384855	0.008771929824561403	0.003281692650865785	0.0	0.0	0.0	0.0	0.0	908.3965903058122	19.828109108518728	2.8325870155026753	3.6241340046041084	0.0	0.0	0.0	0.0	0.0
sling-4112-method-sig	0.2809933538060064	0.6620693758825617	0.17331945716922165	0.001996100804399216	0.015625	0.004528595779059353	-0.36906400535906814	0.0	-0.4480117987277667	0.3324609628402318	0.8313308687615527	292.876825382785	40.02265035675656	2.223480575375364	3.415538503251043	3.759046287940417	67.66283318292751	15.39068413585123	0.21200141610001114	10.540568659607068
sling-1981-method-sig	0.23158360237968642	0.45869514586074167	0.13196650207567462	7.759557242163512E-4	0.005813953488372093	0.0014726896911811337	0.0	0.0	0.0	0.0	0.0	120.6650478348807	31.677054850538493	1.979815928158656	3.1874956206623524	0.0	0.0	0.0	0.0	0.0
sling-3455-method-sig	0.3745526266461078	0.8345173293585335	0.20662363908192322	0.013995798769838062	0.16666666666666666	0.04258826724447225	-0.17514032785863873	0.0	0.0	0.2617318552452538	0.4018022181146026	2119.2270547703556	38.24245273004077	2.5494968486693845	3.385758167579545	1.5828293876884334	23.742440815326503	8.0407365450218	0.24695991247175136	15.099756500515594
sling-5170-method-sig	0.3559850678811726	0.767764985418533	0.2050227381625457	0.010856239046895793	0.14285714285714285	0.036570610622990496	-0.37748874990658404	0.0	-0.44457774906898156	0.2915145713779574	0.9930683918669131	1806.3260154363757	38.102361191574296	2.54015741277162	3.742701987978565	13.833606663371869	207.50409995057805	72.13282431156269	0.4795129371312794	12.455087241645767
sling-2405-base	0.46969801927589816	0.7252498490444695	0.2771609707815045	0.027151437226027555	0.08333333333333333	0.03900679059130281	0.0	0.0	0.0	0.0	0.0	15417.14266140158	9.883870992373787	2.4709677480934467	3.5923383830522964	0.0	0.0	0.0	0.0	0.0
sling-1446-field-sig	0.3563217977488611	0.5068829557228375	0.11471280121259061	0.0016768351014910666	0.006024096385542169	0.0022352265181765398	-0.046168901596587354	0.0	0.0	0.1331964142431354	0.021950092421441775	272.04038449891664	39.46487120060774	2.8189193714719813	3.62777492796146	7.415125908371033	103.81176271719447	97.83114544400449	0.0	0.0
sling-1161-base	0.4377148651705247	0.6851749778160704	0.15244886629400328	0.0133022915268803	0.06666666666666667	0.026247160745854765	0.0	0.0	0.0	0.0	0.0	5035.542550625956	16.589995940516477	2.764999323419413	3.106460270906469	0.0	0.0	0.0	0.0	0.0
sling-1611-method-sig	0.3401747228655412	0.767764985418533	0.17791693642423012	0.0014235688528620681	0.007518796992481203	0.002219593422785844	-0.266586043427853	0.0	0.0	0.31326742198629226	0.47435304990757854	483.55296352394555	40.614569755794804	2.707637983719654	4.522403812539244	11.869106816704695	178.03660225057044	125.19931144442299	0.2832945608903166	10.440018970855375
sling-1372-base	0.6465316751437528	1.0	0.2678492567526407	0.07222870741775692	0.16666666666666666	0.06702111051991383	0.0	0.0	0.0	0.0	0.0	27341.960506869622	15.715011518401699	2.6191685864002836	2.98206068916339	0.0	0.0	0.0	0.0	0.0
sling-2593-both-sig	0.33422529986217064	0.6552704189667291	0.2004411449240421	0.002203761611939837	0.012987012987012988	0.0036250454798550484	0.0	0.0	0.0	0.0	0.0	493.85745840174224	35.06483982903707	2.504631416359791	4.113862823075144	0.0	0.0	0.0	0.0	0.0
sling-1340-method-sig	0.387078779406805	0.767764985418533	0.14902936774237885	0.0014491045646217976	0.007518796992481203	0.0021201502380303132	-0.32173937478235426	0.0	-0.45384155588876207	0.266059146023421	0.1977818853974122	425.9385511452771	37.11699684026607	3.093083070022173	4.522403812539244	48.517616810779174	582.2114017293502	348.4568850557245	1.5652070705012056	11.20781252421546
sling-2366-base	0.5001118632952125	0.8078948174171074	0.24179063552376243	0.019479214959048058	0.07142857142857142	0.03466245379414974	0.0	0.0	0.0	0.0	0.0	13764.604720511294	11.670361994351836	2.9175904985879586	3.294997660311995	0.0	0.0	0.0	0.0	0.0
sling-2788-base	0.30103815908373915	0.5519522612882428	0.25329419678550114	0.00559989855897461	0.02040816326530612	0.009912964274765347	0.0	0.0	0.0	0.0	0.0	3179.737199706243	8.12625004985989	2.0315625124649728	3.525345405084131	0.0	0.0	0.0	0.0	0.0
sling-5219-field-sig	0.3378009006963168	0.9172448816243334	0.23126277948033	0.022135134344259372	0.3333333333333333	0.08042032759794908	-0.06039613734196888	0.0	0.0	0.1374755711199714	0.0205637707948244	2977.538143452364	39.513269614680674	2.3243099773341576	3.617778693820155	1.4002036738584156	23.803462455593063	13.590484058371823	0.0	0.0
sling-4638-method-sig	0.42492252556838905	0.7518448520737152	0.17476347612554022	0.00449368209054299	0.02127659574468085	0.007046054181540836	-0.15412439259684974	0.0	-0.018898481407042332	0.21938103506083712	0.08918669131238448	850.5349371643887	37.35347098350418	3.1127892486253477	4.6561427274564515	148.16882926666366	1778.0259511999639	1757.1439137217278	0.6594510977165559	12.494824661665522
sling-2168-both-sig	0.3261211217534286	0.6851749778160704	0.19893783364307852	0.002138831597073236	0.012658227848101266	0.0035707420485673264	-9.878019287761228E-4	0.0	0.0	0.003585192364133559	9.242144177449168E-4	303.61810671648084	39.40907020344193	2.4630668877151205	3.924345787711424	0.0	0.0	0.0	0.07819888174080386	9.383865808896449
sling-1367-both-sig	0.3830546109221469	1.0	0.22932228086577577	0.069315286570638	1.0	0.2575884953159887	0.0	0.0	0.0	0.0	0.0	10495.637514182119	39.53055572062172	2.635370381374781	4.743875493422588	0.0	0.0	0.0	0.0	0.0
sling-1619-field-sig	0.39708712892988524	0.7378055417350364	0.2231608507344507	0.014958222513167635	0.08333333333333333	0.025200938555546438	-0.029778619641401084	0.0	0.0	0.08148762944566391	0.004390018484288355	2123.3963466345253	39.84145294214191	2.4900908088838696	3.344067520101664	0.46911385415364765	7.5058216664583615	7.263885214273948	0.0	0.0
sling-3391-method-sig	0.37666162261543457	0.8688476831612741	0.24461484476867348	0.03459958291080471	0.3333333333333333	0.09661026665714069	-0.18104763077056332	0.0	0.0	0.27904245634514074	0.3061460258780037	6548.784156068196	30.131310135329766	2.5109425112774804	3.680584926574432	1.414180444143755	16.970165329725063	9.364562113889958	0.1559394768940974	10.292005475010434
sling-1034-field-sig	0.29216823007963716	0.6070927103033307	0.13397111984349636	0.002136115647717608	0.021739130434782608	0.005863107091500851	-0.027165940329756805	0.0	0.0	0.10164564130349467	0.006238447319778189	357.1778886147127	35.147173497123106	2.5105123926516506	3.68188073887135	0.019139489145485508	0.2679528480367972	0.2679528480367972	0.0	0.0
sling-4895-method-sig	0.35853624515036947	0.6692822963701308	0.1588263082011095	0.0012087391289324846	0.005780346820809248	0.0016480730867045857	-0.4620398296667392	0.0	-0.5072714079614175	0.23243276356747447	0.44824399260628467	187.517635001585	43.34259627922159	2.889506418614773	4.556246170210817	80.91665604484541	1213.749840672681	384.98583562004364	1.920710470718827	11.954895412054464
sling-3382-both-sig	0.5039643889803738	1.0	0.23877035668711635	0.13559344455916258	1.0	0.35100091619769846	0.0	0.0	0.0	0.0	0.0	20632.539476582802	45.6607575980542	3.044050506536946	4.075587127536506	0.0	0.0	0.0	0.0	0.0
sling-2209-method-sig	0.27219052314733294	0.4848310793099023	0.09988918051061582	8.031743191602527E-4	0.0058823529411764705	0.0014310078010612052	-0.10931448874066434	0.0	0.0	0.2386267803909499	0.1922365988909427	142.32901153639958	39.91930680678393	2.348194518046114	3.170102586942445	0.625806697400277	10.638713855804708	4.383832594296743	0.0	0.0
sling-2287-method-sig	0.34267228777096714	0.6769626482915383	0.16124288577519075	0.002081972179399115	0.02564102564102564	0.005761602289787904	-0.2700759565733878	0.0	-0.29678652241691583	0.25093994425784716	0.28535120147874304	676.3993642959114	52.199338079725734	2.747333583143459	3.905043890141231	30.007229300979283	570.1373567186064	310.7204291102945	0.18258897897307888	12.46460288438081
sling-1675-field-sig	0.35407093816545493	0.8078948174171074	0.2017448260091099	0.010252584123293024	0.125	0.029237312142062384	-0.013186473671525131	0.0	0.0	0.05897170302608284	0.003927911275415897	1165.845689876524	50.53163128290468	2.526581564145234	3.6885235137196433	1.1988258219508552	23.976516439017104	23.976516439017104	0.0	0.0
sling-1703-field-sig	0.3055780637520179	0.49963983041776855	0.11947383332981822	9.391215469575216E-4	0.004524886877828055	0.0012528886380729972	-0.0296170045062442	0.0	0.0	0.11470616521723381	0.022874306839186693	179.56495134034913	38.27122423480776	2.5514149489871842	3.3840052163388132	1.1090275668268441	16.635413502402663	16.635413502402663	0.0	0.0
sling-2405-field-sig	0.37744574390873653	0.7252498490444695	0.17027199546751848	0.008210165243848048	0.08333333333333333	0.02249056560097504	-0.037272151874302786	0.0	0.0	0.1394596223814452	0.028881700554528652	1431.5832731398064	38.66513621359181	2.761795443827986	3.5923383830522964	0.977892905314229	13.690500674399209	13.690500674399209	0.0	0.0
sling-1662-base	0.2904027940385639	0.8345173293585335	0.297452867382591	0.005924404255101086	0.034482758620689655	0.013992826763925485	0.0	0.0	0.0	0.0	0.0	2242.665457555751	12.053904975237415	2.008984162539569	3.6445840525589728	0.0	0.0	0.0	0.0	0.0
sling-1372-field-sig	0.4308070855319587	1.0	0.2447205958755749	0.02743179785885365	0.16666666666666666	0.05274251908779454	0.0	0.0	0.0	0.0	0.0	3894.0842940283023	41.920077139518334	2.620004821219896	3.3284422379081575	0.0	0.0	0.0	0.0	0.0
sling-1304-method-sig	0.32035902483658024	0.6851749778160704	0.17103608517926544	0.0018854601401271731	0.017241379310344827	0.003937918580589943	-0.21330427881865585	0.0	0.0	0.2729069242890288	0.3006007393715342	364.6883884449907	47.579251127785305	2.5041711119887	3.5553946558098053	2.396983215169137	45.5426810882136	10.089634130745537	0.2232148081543505	11.071775307677461
sling-2287-base	0.4161996389091309	0.6769626482915383	0.17298043892191248	0.0038861127520895163	0.02564102564102564	0.008199070307539032	0.0	0.0	0.0	0.0	0.0	1742.8607480014832	27.062988998152036	3.006998777572448	3.905043890141231	0.0	0.0	0.0	0.0	0.0
sling-1704-method-sig	0.24730640949720342	0.6314141498805587	0.16438413438134108	0.0020182193012889776	0.018518518518518517	0.004877666993859449	-0.07138246785761147	0.0	0.0	0.1558221114559028	0.0316543438077634	300.81945639880234	32.65436264498582	2.0408976653116135	3.293222212941535	1.0477855770718947	16.76456923315031	10.319419035552551	0.0	0.0
sling-1703-base	0.31565694331142174	0.4773570030653118	0.14473019705612397	9.925915188330517E-4	0.0022675736961451248	8.243704290661974E-4	0.0	0.0	0.0	0.0	0.0	450.8910500156342	12.513721918672031	2.5027443837344063	3.3840052163388132	0.0	0.0	0.0	0.0	0.0
sling-3429-field-sig	0.2791961381389968	0.5295009735434275	0.13765152386857252	9.088900968304118E-4	0.006134969325153374	0.0017689753268770548	0.0	0.0	0.0	0.0	0.0	137.62304779394472	36.41139843025498	2.4274265620169984	4.1572100625774215	0.0	0.0	0.0	0.0	0.0
sling-1013-field-sig	0.41671788345525435	0.6027767359818896	0.1886966349022846	0.005324683025906307	0.018867924528301886	0.006612697855591217	0.0	0.0	0.0	0.0	0.0	1511.732089055816	22.274018965817614	2.7842523707272013	3.422605233582031	0.0	0.0	0.0	0.0	0.0
sling-1704-both-sig	0.24944087472094076	0.6314141498805587	0.16349009957965666	0.002019532062454958	0.018518518518518517	0.004877131081493413	0.0	0.0	0.0	0.0	0.0	293.46249486895704	32.96336422916804	2.0602102643230022	3.293222212941535	0.0	0.0	0.0	0.0	0.0
sling-1662-both-sig	0.3054380387500828	0.8345173293585335	0.20623223401450977	0.0029157455308147554	0.034482758620689655	0.008603338995915099	0.0	0.0	0.0	0.0	0.0	461.3749906809883	38.549664481517304	2.409354030094831	3.6445840525589728	0.0	0.0	0.0	0.0	0.0
sling-1333-method-sig	0.29218282516754246	0.6620693758825617	0.14842627543722553	0.0011715762270924658	0.013333333333333334	0.0031806614627048766	-0.07813679856955087	0.0	0.0	0.17531091447187946	0.11182994454713494	199.04820224833236	42.55579488166357	2.503282051862563	4.107346028252075	12.664465835198076	215.29591919836736	156.98728703288822	0.0	0.0
sling-3958-both-sig	0.43978348550343044	0.6427421402682041	0.15116246912628262	0.0027393390149208895	0.012345679012345678	0.004535438608001066	0.0	0.0	0.0	0.0	0.0	1686.839221312234	39.92793938023642	3.3273282816863685	4.469477257330003	0.0	0.0	0.0	0.0	0.0
sling-4651-both-sig	0.44928605689156575	0.9172448816243334	0.21905217972165933	0.03464192859645575	0.3333333333333333	0.09094982215678586	0.0	0.0	0.0	0.0	0.0	4761.617525766784	49.660960440937565	2.921232967113974	3.68188073887135	0.0	0.0	0.0	0.0	0.0
sling-3891-base	0.2822667071941325	0.46244642583320644	0.16683116304452045	5.441651587046895E-4	0.0018867924528301887	8.965891945633285E-4	0.0	0.0	0.0	0.0	0.0	308.9881324982762	10.098116178477635	2.524529044619409	3.5767045167425806	0.0	0.0	0.0	0.0	0.0
sling-1495-field-sig	0.32183677340054034	0.7035301994335694	0.17867534297971177	0.00386493167481289	0.02702702702702703	0.008218177233530542	-0.05646482016937493	0.0	0.0	0.1584795758998773	0.06307763401109057	748.714231804321	36.243489812512586	2.416232654167506	3.3294792063242022	3.6154888725570253	54.23233308835537	52.79215227797481	0.10056099032984388	10.558903984633584
sling-4324-both-sig	0.39452825543289843	0.767764985418533	0.20734644502222446	0.010577137098903025	0.1111111111111111	0.028334516334385624	0.0	0.0	0.0	0.0	0.0	2557.4516594235165	41.37101782313478	2.7580678548756516	3.9860135925868647	0.0	0.0	0.0	0.0	0.0
sling-2914-method-sig	0.2907131785274491	0.6427421402682041	0.15734089753390768	0.0010246129602212457	0.010752688172043012	0.0027210431629354826	-0.19027999978448204	0.0	0.0	0.2985248690613741	0.4958410351201479	157.98002869917394	37.90391336204194	2.5269275574694627	3.8408825273064093	6.373224441690614	95.5983666253592	73.02729008824909	0.0	0.0
sling-1691-base	0.5191597056611903	0.8688476831612741	0.33225298274906984	0.08890738960697994	0.3333333333333333	0.1632269346890557	0.0	0.0	0.0	0.0	0.0	50483.438420330145	9.523471408935878	2.3808678522339695	3.5923383830522964	0.0	0.0	0.0	0.0	0.0
sling-2834-field-sig	0.3065403506433707	0.4928230478646971	0.11961433706114917	4.910323613315306E-4	0.0013679890560875513	4.458029952598375E-4	-4.2152734752059855E-4	0.0	0.0	0.0015772109135776737	2.310536044362292E-4	130.00923421494812	37.503152867652545	2.678796633403753	3.742701987978565	0.0	0.0	0.0	0.0	0.0
sling-3517-field-sig	0.4208179806885576	0.9172448816243334	0.23723792715856498	0.0620505407559533	0.5	0.14606330653570054	0.0	0.0	0.0	0.0	0.0	8837.72184060994	40.78260387910384	2.54891274244399	3.68188073887135	0.0	0.0	0.0	0.0	0.0
sling-1703-both-sig	0.2240676167802392	0.4773570030653118	0.11512927359294413	4.0107755758800757E-4	0.0022675736961451248	6.210275842862887E-4	0.0	0.0	0.0	0.0	0.0	60.730682476907006	30.798083438421198	2.053205562561413	3.3840052163388132	0.0	0.0	0.0	0.0	0.0
sling-1675-method-sig	0.33524048163713066	0.8078948174171074	0.19933941409147446	0.00977401744833897	0.125	0.029303963715010914	-0.07879260089570933	0.0	0.0	0.15359067643407898	0.03858595194085028	1156.384692192805	48.97453758893432	2.448726879446715	3.6885235137196433	21.288952314803296	425.77904629606587	208.02043122710617	0.0	0.0
sling-479-field-sig	0.3032647921355854	0.5763184256850628	0.15183144066689586	0.0011734823371983252	0.006535947712418301	0.0020854199819934343	-0.036679630726767415	0.0	0.0	0.14671852290706966	0.06792975970425139	182.1665404706012	40.32495612859372	2.5203097580371074	4.1572100625774215	7.980813960371938	127.69302336595105	127.69302336595105	0.0	0.0
sling-2287-field-sig	0.39395219423866856	0.9172448816243334	0.19597603679971556	0.007383713743955487	0.1	0.023149958697580558	-0.08480210595891197	0.0	0.0	0.1929946105273831	0.10628465804066543	1053.6648902220861	54.99790782582134	2.8946267276748068	3.905043890141231	8.89792299906878	169.06053698230681	127.69302336595105	0.053055437191444774	9.072479759737044
sling-3391-base	0.8383712502891908	0.8688476831612741	0.04310018470045349	0.20512820512820512	0.3333333333333333	0.1813094310734737	0.0	0.0	0.0	0.0	0.0	232952.0	4.703478535110689	2.3517392675553443	2.880104110247623	0.0	0.0	0.0	0.0	0.0
sling-4638-base	0.5852983049285789	0.6070927103033307	0.030821943664831077	0.015901455767077268	0.02127659574468085	0.007601595855980802	0.0	0.0	0.0	0.0	0.0	18058.345128779394	6.10479526178807	3.052397630894035	3.3717181748128096	0.0	0.0	0.0	0.0	0.0
sling-3651-both-sig	0.42930424661086397	0.8688476831612741	0.2232403635847946	0.02514595461647195	0.3333333333333333	0.08539442812251241	-0.028855319144277674	0.0	0.0	0.11175617049528751	0.013170055452865065	4183.42564706185	43.19693141019951	2.8797954273466346	4.295717036983776	1.9738827627337139	29.6082414410057	29.6082414410057	0.0	0.0
sling-1304-base	0.2687325061005309	0.6851749778160704	0.21461320361941177	0.002488865343953361	0.017241379310344827	0.005653560160409384	0.0	0.0	0.0	0.0	0.0	628.1016729050085	18.394268664031753	2.0438076293368614	3.510959313510227	0.0	0.0	0.0	0.0	0.0
sling-1282-base	0.38966722517276237	0.8078948174171074	0.30205693058955646	0.012227435424170483	0.05	0.020383004666597575	0.0	0.0	0.0	0.0	0.0	4628.658997513463	14.16440820618534	2.36073470103089	3.9010343593892443	0.0	0.0	0.0	0.0	0.0
sling-3673-base	0.4550772380278005	0.6620693758825617	0.17700490170025598	0.00882348323471742	0.02702702702702703	0.011920890943935683	0.0	0.0	0.0	0.0	0.0	3340.103108052575	17.568091564675345	2.9280152607792242	3.3564844303081665	0.0	0.0	0.0	0.0	0.0
sling-479-method-sig	0.3637246209525167	0.9172448816243334	0.2028831054027516	0.0024156702170608857	0.015873015873015872	0.004126387209043675	-0.2109557658560943	0.0	0.0	0.2835952422068926	0.2222735674676525	488.6576738061836	43.23235573022064	2.7020222331387895	4.7175140032869995	17.49778931089353	279.96462897429643	229.0543175627787	0.17165536779509116	10.359525788593162
sling-4350-both-sig	0.38336065922875906	1.0	0.3108847303672787	0.07598103708832855	1.0	0.26612319518390193	0.0	0.0	0.0	0.0	0.0	12326.740134289501	32.6676886984397	2.3334063356028354	4.58351893845611	0.0	0.0	0.0	0.0	0.0
sling-1796-field-sig	0.2726318319562143	0.6369425860894536	0.17320493600916115	8.295631110258733E-4	0.007518796992481203	0.0021208605131842915	-0.053819311122137226	0.0	0.0	0.15326917361044876	0.034195933456561925	159.87489899183873	28.6887633096583	2.3907302758048585	3.7518142066993225	4.757274942254396	57.087299307052746	37.62829082711828	0.0	0.0
sling-4307-field-sig	0.30035600478758995	0.6115726182243452	0.15538148447037	0.0027341843452671167	0.018518518518518517	0.005456386949539192	-0.1001627838030897	0.0	0.0	0.20935422263368464	0.08086876155268022	414.00691253913254	35.574440217066375	2.3716293478044252	3.317252558065543	2.1305583444154212	31.95837516623132	22.891821911505406	0.0	0.0
sling-1981-base	0.22421245754665928	0.45869514586074167	0.20398493211775487	0.0015273733290030334	0.005813953488372093	0.002279001151401633	0.0	0.0	0.0	0.0	0.0	578.1825915741113	9.8168470110487	1.6361411685081169	3.1874956206623524	0.0	0.0	0.0	0.0	0.0
sling-1704-base	0.31003281381448167	0.6314141498805587	0.20719659326681508	0.0039388765076478005	0.018518518518518517	0.007305660380664691	0.0	0.0	0.0	0.0	0.0	1491.049885340552	13.31890416333411	2.219817360555685	3.1501151205290507	0.0	0.0	0.0	0.0	0.0
sling-1096-base	0.2728916975942268	0.4144225874318491	0.12192390477194376	6.872580752419715E-4	0.0014204545454545455	6.438589493219115E-4	0.0	0.0	0.0	0.0	0.0	260.1594826086225	13.94414599375856	2.3240243322930936	3.131699639008011	0.0	0.0	0.0	0.0	0.0
sling-1619-base	0.43772574732019065	0.6851749778160704	0.26226163108700135	0.020835149849624004	0.05	0.02376177620515147	0.0	0.0	0.0	0.0	0.0	7887.083470125618	14.03421807127924	2.3390363452132066	2.900177163982557	0.0	0.0	0.0	0.0	0.0
sling-1277-both-sig	0.2872693977816104	0.5317928090610172	0.13913058996564748	9.979492913367103E-4	0.005681818181818182	0.0015687503192196007	0.0	0.0	0.0	0.0	0.0	378.91286248673174	36.155724142988475	2.410381609532565	3.7090786682671677	0.0	0.0	0.0	0.0	0.0
sling-5126-both-sig	0.4090510933018083	0.9172448816243334	0.22084200787832373	0.009270359186505128	0.1111111111111111	0.025293994371981442	0.0	0.0	0.0	0.0	0.0	1124.0507482865219	52.95897004735636	2.7873142130187563	4.629460628309351	0.0	0.0	0.0	0.0	0.0
sling-1013-both-sig	0.3896308494128566	0.6070927103033307	0.1628293550370049	0.003892194076787341	0.018867924528301886	0.005836269755509748	-0.021958081680862277	0.0	0.0	0.08700759079527554	0.006469500924214418	500.981045525894	50.567660647254954	2.8093144804030525	3.687784341005969	0.32562885507505107	5.861319391350918	5.618326933526796	0.1806779735200532	9.882328791110654
sling-2808-both-sig	0.31408084857267593	0.5832909987567324	0.14512248300798902	0.0013671603105074991	0.008771929824561403	0.002384734546882103	0.0	0.0	0.0	0.0	0.0	219.78885265060163	43.41045367135091	2.5535560983147594	3.785704680486122	0.0	0.0	0.0	0.0	0.0
sling-5170-base	0.38771416266590947	0.767764985418533	0.265514607902441	0.029706773886726042	0.14285714285714285	0.06326758386007902	0.0	0.0	0.0	0.0	0.0	13494.492161398182	11.374151720438824	2.2748303440877646	3.3294792063242022	0.0	0.0	0.0	0.0	0.0
sling-4306-base	0.4143861587473094	0.4961812601939619	0.1201011011852977	0.0024491579211325548	0.006756756756756757	0.0025164544538519486	0.0	0.0	0.0	0.0	0.0	1951.1728602851585	15.08960585718186	3.0179211714363716	3.709933569454028	0.0	0.0	0.0	0.0	0.0
sling-1284-base	0.3760295777705177	0.7252498490444695	0.3301147560790468	0.0204062611479076	0.07692307692307693	0.03328077604024795	0.0	0.0	0.0	0.0	0.0	9269.674726508374	10.021544345585964	2.004308869117193	3.3342295934284722	0.0	0.0	0.0	0.0	0.0
sling-1797-field-sig	0.3420313173472928	0.6369425860894536	0.1640821162007844	0.0026927019090015893	0.015873015873015872	0.004710114874110939	-0.1240967923296753	0.0	0.0	0.248201367583121	0.16312384473197783	436.8489555200677	36.54816810671663	2.6105834361940445	3.550770827349213	0.7950621031065467	11.130869443491651	4.989356033570204	0.1185268700191842	10.785945171745784
sling-2594-field-sig	0.2764106432415194	0.5414384888739356	0.12219355355902946	0.0011078421424631699	0.007142857142857143	0.0020682862224814364	-0.057388431552848354	0.0	0.0	0.17307375879080333	0.10304990757855823	156.635348184936	42.94069963164437	2.3855944239802436	3.570630563931367	1.5418891722048542	27.754005099687376	19.63147447024202	0.0	0.0
sling-4324-field-sig	0.45837944403261166	0.9172448816243334	0.23149228867864002	0.02828376737218171	0.25	0.06766176648723124	-0.08849785388878884	0.0	0.0	0.1760142167392528	0.045517560073937154	4292.200867447047	42.24750990168112	2.8165006601120743	3.9860135925868647	0.9329595252326287	13.994392878489428	7.616160639116631	0.0	0.0
sling-1304-both-sig	0.2982959976416291	0.6851749778160704	0.1670846218575612	0.0016671307371180313	0.017241379310344827	0.003959606850307629	0.0	0.0	0.0	0.0	0.0	338.58903880681123	45.81203287407844	2.4111596249514964	3.510959313510227	0.0	0.0	0.0	0.0	0.0
sling-4895-both-sig	0.35144516357205635	0.6692822963701308	0.16541919008113695	0.001120922145658717	0.005780346820809248	0.0016621691797784493	0.0	0.0	0.0	0.0	0.0	237.24600786310057	43.09350657754679	2.8729004385031196	4.556246170210817	0.0	0.0	0.0	0.0	0.0
sling-3517-both-sig	0.4517195458641869	0.9172448816243334	0.26593332607318587	0.06472123413832852	0.5	0.14522366199335277	0.0	0.0	0.0	0.0	0.0	9187.510882260694	40.871521892947925	2.5544701183092458	4.437165998925031	0.0	0.0	0.0	0.0	0.0
sling-1797-base	0.43564822222594124	0.6369425860894536	0.26150672220832455	0.006962966372658128	0.015873015873015872	0.007460800079269614	0.0	0.0	0.0	0.0	0.0	3953.7150472059247	10.64552146421483	2.6613803660537076	3.550770827349213	0.0	0.0	0.0	0.0	0.0
sling-1367-method-sig	0.3830546109221469	1.0	0.22932228086577577	0.069315286570638	1.0	0.2575884953159887	-0.1700051772724898	0.0	0.0	0.2576112338865509	0.19524029574861368	10495.637514182119	39.53055572062172	2.635370381374781	4.743875493422588	7.322587418675798	109.83881128013697	48.51405595776436	0.12616431982017623	13.247253581118521
sling-2914-both-sig	0.2862039219655476	0.6427421402682041	0.16252491056887372	0.0010249295800745608	0.010752688172043012	0.0027209188730778757	0.0	0.0	0.0	0.0	0.0	158.02797089741907	37.10661782365169	2.4737745215767797	3.8408825273064093	0.0	0.0	0.0	0.0	0.0
sling-2834-method-sig	0.31054301688172503	0.4048534652618195	0.10029120676549998	5.199772223256103E-4	0.0012987012987012987	4.350229877567422E-4	-0.45254340306076546	0.0	-0.5209449936275707	0.2557622535833854	0.5882624768946395	225.00254280402092	38.06849242107661	2.7191780300769004	3.4156449969996987	42.1159259064804	589.6229626907256	251.23814223547814	1.4464197122079796	10.54500280044152
sling-3891-field-sig	0.3608142503947189	0.6115726182243452	0.14779134781100112	0.0017276065024323796	0.011494252873563218	0.0029899117807035097	-0.2063202215874941	0.0	0.0	0.26245537324103957	0.23451940850277264	411.46412318316834	39.80861507536462	2.8434725053831866	3.6827411616914567	15.133054515390302	211.86276321546427	108.5212895449296	0.7462770275125903	11.431234372969584
sling-4306-field-sig	0.32667385505251745	0.5945917260376627	0.13631365868815656	0.0011393442925555126	0.006756756756756757	0.0018412440020525382	-0.025771207959528104	0.0	0.0	0.09981145923890042	0.006931608133086876	265.6989455656047	41.065064949711555	2.7376709966474375	3.9860135925868647	0.9521992370111242	14.282988555166861	14.282988555166861	0.0	0.0
sling-1340-both-sig	0.38415643959361295	0.767764985418533	0.1518021270836055	0.001449047303840165	0.007518796992481203	0.002120188231819933	0.0	0.0	0.0	0.0	0.0	425.9277131967247	36.77641585030496	3.064701320858746	4.522403812539244	0.0	0.0	0.0	0.0	0.0
sling-2594-both-sig	0.28647071820350983	0.6369425860894536	0.13496472099385795	0.0023658772715976634	0.02564102564102564	0.006128988895924526	-0.01866275324192227	0.0	0.0	0.07917935623784678	0.004852125693160813	315.37715619442764	42.518460078898244	2.3621366710499028	2.9936731491914377	0.04569061439015405	0.822431059022773	0.822431059022773	0.0	0.0
sling-3391-field-sig	0.4140468681243943	0.8688476831612741	0.24959651944667646	0.03525250560833596	0.3333333333333333	0.09639077314922746	-0.033289482229334005	0.0	0.0	0.11531814915773553	0.009011090573012939	6672.365120259378	32.78548213761348	2.7321235114677895	5.189527472508515	0.18030625612729567	2.163675073527548	2.163675073527548	0.0	0.0
sling-4306-both-sig	0.32424231284374516	0.5945917260376627	0.13898139159280487	0.0011342570889414088	0.006756756756756757	0.0018443471338149854	0.0	0.0	0.0	0.0	0.0	264.9286472990014	40.85871757600335	2.7239145050668894	3.9860135925868647	0.0	0.0	0.0	0.0	0.0
sling-4324-method-sig	0.3746974228196901	0.767764985418533	0.18611212584448142	0.010057659878283127	0.1111111111111111	0.02845638663672297	-0.11691275332730784	0.0	0.0	0.17711272497482428	0.046903881700554526	2490.7558151093676	40.915034452810296	2.7276689635206863	3.8054953688360476	2.3562820865681844	35.34423129852277	20.482555643918165	0.0	0.0
sling-2274-method-sig	0.47225434719040366	1.0	0.23239474297547605	0.06339659178740435	1.0	0.24154892472844305	-0.12853676287793786	0.0	0.0	0.17809434654524464	0.048983364140480594	8802.256754563392	50.93008661358867	2.995887447858157	4.758971401153343	55.154248385527275	937.6222225539635	545.7061450283165	0.07731462516062529	10.514789021845024
sling-2251-field-sig	0.462372994648467	1.0	0.28785192230514556	0.044669493155311844	0.5	0.1289280531831631	-0.019770081544093782	0.0	0.0	0.07656919657343782	0.0046210720887245845	6763.801050185532	41.0667197369665	2.7377813157977666	3.801902914157877	0.8493694954501905	12.740542431752857	12.740542431752857	0.0	0.0
sling-2209-field-sig	0.2900598036268662	0.6488406374620266	0.14068925961102854	0.0026541407946988217	0.03225806451612903	0.007762184274365195	-0.01916000343237652	0.0	0.0	0.0789987179388853	0.004390018484288355	389.6270608595873	39.91717073645341	2.3480688668502006	3.5554323557896597	0.037043645645095255	0.6297419759666193	0.6297419759666193	0.0	0.0
sling-1705-both-sig	0.18072266710194354	0.2751970734701861	0.06814039915965397	1.1820909219153577E-4	4.278990158322636E-4	1.0442762402883575E-4	0.0	0.0	0.0	0.0	0.0	28.195438540796502	32.90586550046366	1.8281036389146474	2.4357439159607566	0.0	0.0	0.0	0.0	0.0
sling-4306-method-sig	0.3343211161793669	0.4961812601939619	0.13320352412280648	0.001085010095264189	0.006756756756756757	0.0017323978321889984	-0.23348837932239924	0.0	0.0	0.2621784345038517	0.12846580406654343	537.0141266127891	42.05030600801227	2.803353733867484	3.8054953688360476	7.277944183660453	109.1691627549068	55.44069314609735	0.11728605977350953	12.315036276218487
sling-3429-base	0.2798539650962958	0.49448996911818927	0.1341739839951718	0.0015393482112429967	0.006134969325153374	0.0026024618580022876	0.0	0.0	0.0	0.0	0.0	699.2587767856833	11.232286759126698	2.2464573518253395	3.0132983486108955	0.0	0.0	0.0	0.0	0.0
sling-1340-base	0.4001285940915062	0.40562035684584413	0.0077665253685201335	0.0024089990930826945	0.003215434083601286	0.001140471300763611	0.0	0.0	0.0	0.0	0.0	2735.758139067524	5.676024484708481	2.8380122423542407	3.016253965977363	0.0	0.0	0.0	0.0	0.0
sling-1277-base	0.25007076211858176	0.4802887255564447	0.15707879145028406	8.196438417741495E-4	0.002652519893899204	0.0011130165210509486	0.0	0.0	0.0	0.0	0.0	372.3284608464948	10.362286684230279	2.0724573368460555	3.3294792063242022	0.0	0.0	0.0	0.0	0.0
sling-1446-base	0.4112257660846345	0.5068829557228375	0.12588715623555075	0.0032691382737965098	0.006024096385542169	0.002982331913385349	0.0	0.0	0.0	0.0	0.0	1856.283729196271	11.456757080399214	2.8641892700998035	3.136045165841074	0.0	0.0	0.0	0.0	0.0
sling-1446-method-sig	0.3781546106676213	0.6027767359818896	0.1449981351809894	0.0020254756294950174	0.006024096385542169	0.0023166585505383437	-0.18168713489705896	0.0	0.0	0.26186713947999884	0.21002772643253234	747.4515248083253	40.339091594467796	2.8813636853191285	3.981823808064324	3.432390404169212	48.05346565836897	17.254932639533916	0.34738890602907885	11.039144707493218
sling-2788-field-sig	0.4001807741054364	0.8078948174171074	0.22651388456502147	0.004586991052058786	0.02040816326530612	0.007877791732281043	-0.025116070266220644	0.0	0.0	0.06432489908510558	0.0027726432532347504	878.6534443715943	40.21642395063994	2.8726017107599957	4.1572100625774215	4.744091611156767	66.41728255619475	44.017685788475376	0.0	0.0
sling-4750-base	0.17985142373477508	0.237710396024062	0.05010796977578376	1.2369567811647313E-4	1.7946877243359656E-4	8.531991404315638E-5	0.0	0.0	0.0	0.0	0.0	93.6492557279131	5.50596700279643	1.8353223342654768	2.3064270522823453	0.0	0.0	0.0	0.0	0.0
sling-1638-base	0.37127503377396864	0.6620693758825617	0.20878726728893654	0.0029058195123763024	0.010869565217391304	0.004545371118965506	0.0	0.0	0.0	0.0	0.0	1319.9871107418148	13.534995929718388	2.706999185943677	3.6558071169623165	0.0	0.0	0.0	0.0	0.0
sling-2209-base	0.28108759988933885	0.4848310793099023	0.11877237965820493	0.0013694090823760535	0.0058823529411764705	0.002107096984398337	0.0	0.0	0.0	0.0	0.0	650.8833137260056	15.688283314944437	2.241183330706348	2.9748257786630905	0.0	0.0	0.0	0.0	0.0
sling-1435-field-sig	0.2680688187784211	0.7252498490444695	0.18224689839036934	0.0017797373206588068	0.0196078431372549	0.0049752083618429055	-0.01666009275202331	0.0	0.0	0.06452426177485719	0.0023105360443622922	271.31646412750484	32.47417507513472	2.164945005008981	3.576805795646963	0.40290630515089404	6.043594577263408	6.043594577263408	0.0	0.0
sling-1781-base	0.31447392268260366	0.6692822963701308	0.22844398470594804	0.008856308010786806	0.045454545454545456	0.018155477346686186	0.0	0.0	0.0	0.0	0.0	3352.528828559312	13.003920026892219	2.167320004482036	3.112093645195566	0.0	0.0	0.0	0.0	0.0
sling-3891-method-sig	0.3797360941491935	1.0	0.2257250747341174	0.004785029101838132	0.05	0.01312613971576361	-0.35652915622429127	0.0	-0.464201987669299	0.29139014093190346	0.4764325323475046	914.6225696977489	38.9653217376832	2.7832372669773715	3.995732273553991	10.356421657775691	144.98990320885966	51.73803063694793	1.2685846716566895	12.254142643260924
sling-1096-field-sig	0.2713394566261056	0.4144225874318491	0.09230283042073202	4.6866975871443796E-4	0.0014204545454545455	4.962600649589924E-4	-0.043416696536692403	0.0	0.0	0.17366678614676967	0.14695009242144177	145.11140386741712	39.01594258872257	2.4384964117951604	3.5554323557896597	0.1969987248041278	3.151979596866046	3.151979596866046	0.0	0.0
sling-1013-method-sig	0.3896308494128566	0.6070927103033307	0.1628293550370049	0.003892194076787341	0.018867924528301886	0.005836269755509748	-0.24012526633330977	0.0	-0.3277844985748369	0.23364399398567404	0.16774491682070242	500.981045525894	50.567660647254954	2.8093144804030525	3.687784341005969	9.935958236718058	178.84724826092503	93.52306196632485	0.5545250238802721	15.54226288030411
sling-3455-both-sig	0.3771696082463137	0.8345173293585335	0.2061653869412473	0.01400076480970239	0.16666666666666666	0.04258654367561037	0.0	0.0	0.0	0.0	0.0	2119.979006567364	38.46599318697229	2.5643995457981528	3.385758167579545	0.0	0.0	0.0	0.0	0.0
sling-1034-base	0.29506635060212527	0.49448996911818927	0.15211456474303206	0.0016486849727014752	0.006134969325153374	0.0029931187153058253	0.0	0.0	0.0	0.0	0.0	936.1571255418379	9.803488756137735	2.450872189034434	3.0132983486108955	0.0	0.0	0.0	0.0	0.0
sling-4155-method-sig	0.4055449281461086	0.7378055417350364	0.18240880969989032	0.003690137193752734	0.015873015873015872	0.0048513717835176945	-0.39999690082812284	0.0	-0.44425506759366307	0.2773652978002501	0.9942236598890942	579.8084641006154	42.10595786190485	2.807063857460324	3.980054480925208	13.073337862847312	196.10006794270967	82.98420309925383	1.1434682832939886	12.010782300221338
sling-3000-method-sig	0.4317031926562556	1.0	0.21791900716126988	0.008293450247323066	0.0625	0.01640671877475437	-0.2986220220080856	0.0	-0.3716634791885953	0.2753200448670311	0.3555914972273567	1255.7842843093617	43.34778977974237	2.8898526519828245	3.785704680486122	27.016587476279355	405.24881214419037	278.32194904944606	0.6871524644745877	12.058413715709552
sling-5170-both-sig	0.3236545449866502	0.767764985418533	0.2087791817079392	0.010746613082550012	0.14285714285714285	0.03660310031953181	0.0	0.0	0.0	0.0	0.0	1789.7265834662946	35.05756535775618	2.337171023850412	3.7090786682671677	0.0	0.0	0.0	0.0	0.0
sling-1282-method-sig	0.3157441440540702	0.8078948174171074	0.1989709210411759	0.004829125701163083	0.05	0.013174898008568999	-0.19420673347317047	0.0	0.0	0.272880149849486	0.3287892791127542	685.5191425493183	38.49774376500101	2.4061089853125637	3.9010343593892443	5.1702389424571065	82.72382307931369	29.084046244579817	0.09974621927277531	11.969546312733051
sling-1638-field-sig	0.36504228998075033	0.6620693758825617	0.1516778400462224	0.001491565777835038	0.010869565217391304	0.002712031103417109	0.0	0.0	0.0	0.0	0.0	240.4036038048845	43.86569097782102	2.9243793985214013	4.327994413914185	0.0	0.0	0.0	0.0	0.0
sling-1638-both-sig	0.33397800422296237	0.6620693758825617	0.14841047591674492	0.0013428890147761882	0.010869565217391304	0.002725558268977171	0.0	0.0	0.0	0.0	0.0	217.89114675462923	41.082958479194495	2.7388638986129665	3.742701987978565	0.0	0.0	0.0	0.0	0.0
sling-1034-method-sig	0.2598951845095452	0.49448996911818927	0.10071180354129998	5.822763699299896E-4	0.006134969325153374	0.0016034350936384903	-0.07529009052184947	0.0	0.0	0.19272968437156818	0.07093345656192236	117.57773395723032	34.09536105240737	2.4353829323148117	3.5767045167425806	1.2474763273183287	17.464668582456607	16.33483495357208	0.0	0.0
sling-2594-base	0.29451935673931606	0.47881353617107203	0.14168778731867002	0.0017835224298647031	0.007142857142857143	0.0027932514369723204	0.0	0.0	0.0	0.0	0.0	516.3248591709277	19.04260320625912	2.38032540078239	2.9936731491914377	0.0	0.0	0.0	0.0	0.0
sling-3536-base	0.4294945042105773	1.0	0.391356949070279	0.20443820414385605	1.0	0.4448253949732441	0.0	0.0	0.0	0.0	0.0	92883.83960931633	8.779624647319213	1.7559249294638428	3.062451824728987	0.0	0.0	0.0	0.0	0.0
sling-3651-method-sig	0.4179148926800143	0.8688476831612741	0.238009089287023	0.025427916293641155	0.3333333333333333	0.08531901064118241	-0.2161555660745935	0.0	-0.22542140858350793	0.23441972164682412	0.22966728280961182	4226.119945864799	41.00992882065044	2.7339952547100292	4.295717036983776	17.950399210907026	269.25598816360537	105.10570167214128	0.20912681328802346	12.218687135281744
sling-1004-method-sig	0.3075281629032176	0.7378055417350364	0.1937968630593216	0.003378234897827523	0.034482758620689655	0.008359472036040627	-0.17073481698262188	0.0	0.0	0.2420022964538424	0.16474121996303143	453.9318704133398	42.695843240593774	2.3719912911440986	4.245030727870623	10.71379589287305	192.84832607171492	109.28807181730372	0.08510257397694651	13.020693818472797
sling-1333-base	0.29202255899525587	0.6620693758825617	0.1841226615695013	0.0021263779007055753	0.013333333333333334	0.004950951262793128	0.0	0.0	0.0	0.0	0.0	689.9434072957657	16.66202784193171	2.38028969170453	3.520546036591925	0.0	0.0	0.0	0.0	0.0
sling-1519-both-sig	0.2658641854675806	0.6369425860894536	0.15202766943430757	4.029836428549928E-4	0.003236245954692557	7.856352540455304E-4	0.0	0.0	0.0	0.0	0.0	91.83442531832596	38.953019625825256	2.4345637266140785	5.189527472508515	0.0	0.0	0.0	0.0	0.0
sling-4638-both-sig	0.36824726711895694	0.6070927103033307	0.15947791622750687	0.004002759798665846	0.02127659574468085	0.007166872373837212	-0.002972167902602097	0.0	0.0	0.010295891631864517	2.310536044362292E-4	757.61635675278	33.9670481199114	2.83058734332595	3.8408825273064093	0.0	0.0	0.0	0.0	0.0
sling-3536-field-sig	0.34712965179712973	1.0	0.2490280808013799	0.06876361043322457	1.0	0.2576756933900627	0.0	0.0	0.0	0.0	0.0	10413.93415018448	34.84887520073427	2.323258346715618	3.6478693841457033	0.0	0.0	0.0	0.0	0.0
sling-1703-method-sig	0.23579806051559427	0.4773570030653118	0.11786412754456371	4.2955335009634135E-4	0.0022675736961451248	6.133679688278073E-4	-0.19074687539425134	0.0	0.0	0.27706626769036424	0.2144177449168207	65.04245280756791	31.933539066325046	2.1289026044216697	3.3840052163388132	5.932342124099291	88.98513186148938	45.54063096186343	0.5971785117459208	11.529879621966911
sling-3958-field-sig	0.3623139650097498	0.6427421402682041	0.17728798267936946	0.0015625673154401854	0.012345679012345678	0.003450913335166139	0.0	0.0	0.0	0.0	0.0	295.75258477896796	35.17957267338698	2.931631056115582	4.469477257330003	0.0	0.0	0.0	0.0	0.0
sling-1013-base	0.41671788345525435	0.6027767359818896	0.1886966349022846	0.005324683025906307	0.018867924528301886	0.006612697855591217	0.0	0.0	0.0	0.0	0.0	1511.732089055816	22.274018965817614	2.7842523707272013	3.422605233582031	0.0	0.0	0.0	0.0	0.0
sling-2274-both-sig	0.40923914826818764	1.0	0.2213887890925357	0.0623610674120376	1.0	0.24181323666313737	-0.0020164072939895445	0.0	0.0	0.008313860257384778	4.621072088724584E-4	8367.440932638136	46.71185309858116	2.747756064622421	4.107346028252075	31.755901968927745	539.8503334717719	539.8503334717719	0.0	0.0
sling-4350-method-sig	0.39967797577501596	1.0	0.29970779166404105	0.07599172201856821	1.0	0.26611991851888334	-0.09282978584191075	0.0	0.0	0.20201627349268805	0.12407578558225509	12328.47359784126	34.70098142603487	2.4786415304310623	4.58351893845611	1.0925222982062628	15.295312174887677	9.067585921472379	0.0	0.0
sling-3517-method-sig	0.4517195458641869	0.9172448816243334	0.26593332607318587	0.06472123413832852	0.5	0.14522366199335277	-0.24076433398151564	0.0	-0.1691542206162842	0.2688437072510661	0.2476894639556377	9187.510882260694	40.871521892947925	2.5544701183092458	4.437165998925031	20.320900066216883	325.1344010594701	294.12702336581657	0.6912618606709151	15.146276516150488
sling-3673-method-sig	0.34542726469661544	0.6851749778160704	0.18722933018411503	0.00368142605791942	0.02702702702702703	0.008068766744479266	-0.19630683451197503	0.0	0.0	0.2530985172507398	0.1393253234750462	556.7294961949258	42.24183451001867	2.640114656876167	4.495214890989365	22.023568381538595	352.3770941046176	287.4944644899827	0.24365124508639638	10.8598259696473
sling-1796-method-sig	0.26174568062448983	0.6369425860894536	0.14841084199284169	9.320475782554693E-4	0.007518796992481203	0.002123143883944998	-0.6747547697643611	-0.2903707874286973	-0.6855857285919906	0.16721411388533747	1.0	176.41190730293656	27.157538338309053	2.2631281948590876	3.7518142066993225	27.982856900183155	335.79428280219787	92.67427060395961	7.3162234295103445	10.982976120164361
sling-1277-field-sig	0.2639014110207665	0.4802887255564447	0.1441238947848349	7.301258682037089E-4	0.002652519893899204	0.001009739645088879	-0.06678283751438811	0.0	0.0	0.17635777405248668	0.0411275415896488	271.2113345365017	33.68331042544004	2.2455540283626694	3.62777492796146	2.768112281351516	41.52168422027275	35.541066947082776	0.10478279826218993	11.002193817529925
sling-4350-field-sig	0.3784443446241315	1.0	0.2673507132479482	0.07441948290387479	1.0	0.26649010499191805	-0.05695886407525646	0.0	0.0	0.1520597499104097	0.0427449168207024	12073.402283491327	33.59623514704806	2.399731081932004	4.280452762319736	11.966865330555386	167.5361146277754	157.47254917145668	0.0	0.0
sling-1562-field-sig	0.29038566822798606	0.7378055417350364	0.20170249787776928	0.0026070559018705774	0.030303030303030304	0.007327188381984779	-0.1104136236537027	0.0	0.0	0.22496560417597994	0.18207024029574861	348.3152437007299	39.1246250137761	2.3014485302221233	4.4636172888477095	16.126683921922062	274.153626672675	246.41227654982524	0.19411647309807242	10.308007167480909
sling-2808-field-sig	0.3550754623290538	0.5832909987567324	0.1245017427516833	0.0015868632750792547	0.008771929824561403	0.0023468442143206275	0.0	0.0	0.0	0.0	0.0	286.03871593056647	47.56907591193262	2.798180935996037	3.924345787711424	0.0	0.0	0.0	0.0	0.0
sling-2168-base	0.37183073572785164	0.6851749778160704	0.2580083967721081	0.0038155683531960237	0.012658227848101266	0.0051855247488120865	0.0	0.0	0.0	0.0	0.0	1444.371953397295	14.832048570523492	2.472008095087249	3.679011313198638	0.0	0.0	0.0	0.0	0.0
sling-3781-base	0.2565868773404588	0.38722102108218165	0.1748243714628043	9.809232749573658E-4	0.0022222222222222222	9.582278941856108E-4	0.0	0.0	0.0	0.0	0.0	556.988344447929	8.047371952157462	2.0118429880393656	3.314643098211388	0.0	0.0	0.0	0.0	0.0
sling-1340-field-sig	0.3378709245721489	0.5295009735434275	0.10648377092737579	9.087014530292759E-4	0.003215434083601286	9.016491365430649E-4	-0.0447165959978985	0.0	0.0	0.15490283241978264	0.0411275415896488	323.65456280327	33.33950365011201	2.778291970842667	4.1572100625774215	1.5814650397860603	18.977580477432724	18.977580477432724	0.0	0.0
sling-4350-base	0.5403642076027402	1.0	0.3692263986585149	0.2565317120843607	1.0	0.4957901184133865	0.0	0.0	0.0	0.0	0.0	145663.96502159775	8.699377540362306	2.1748443850905765	3.1570570424347713	0.0	0.0	0.0	0.0	0.0
sling-4651-method-sig	0.44928605689156575	0.9172448816243334	0.21905217972165933	0.03464192859645575	0.3333333333333333	0.09094982215678586	-0.3687126955173735	0.0	-0.46269660522299916	0.24322569747003872	0.3036044362292052	4761.617525766784	49.660960440937565	2.921232967113974	3.68188073887135	33.96171718875215	577.3491922087866	182.30646552836487	0.36650730208268795	13.3105254776409
sling-5219-both-sig	0.2999289807039692	0.9172448816243334	0.21134087315189834	0.02055924257277818	0.3333333333333333	0.08063565165553245	0.0	0.0	0.0	0.0	0.0	2766.9914014221663	37.87219585787759	2.227776226933976	3.5386522449901032	0.0	0.0	0.0	0.0	0.0
sling-5025-both-sig	0.2804438401767626	0.6070927103033307	0.16348035472027844	0.002914343238439527	0.023809523809523808	0.006599608842749732	0.0	0.0	0.0	0.0	0.0	421.33248762750753	36.382759390658734	2.273922461916171	3.5767045167425806	0.0	0.0	0.0	0.0	0.0
sling-2405-both-sig	0.36064480615641753	0.7252498490444695	0.17781500922688231	0.00807318011002316	0.08333333333333333	0.02254032819299599	0.0	0.0	0.0	0.0	0.0	1409.359568230945	38.17863764759002	2.72704554625643	3.8408825273064093	0.0	0.0	0.0	0.0	0.0
sling-1611-base	0.24721376412774482	0.4928230478646971	0.1565153414240774	0.0011174387601128892	0.004424778761061947	0.0018704550305814254	0.0	0.0	0.0	0.0	0.0	507.6037083893447	10.036310840309078	2.0072621680618155	3.164187627263329	0.0	0.0	0.0	0.0	0.0
sling-5025-base	0.3365017903445518	0.6070927103033307	0.2155060896770408	0.0062753975312139455	0.023809523809523808	0.009877130963791388	0.0	0.0	0.0	0.0	0.0	2375.5329092484453	13.595768516749384	2.2659614194582307	3.2673891365688803	0.0	0.0	0.0	0.0	0.0
sling-3606-base	0.20049669572971107	0.38722102108218165	0.13086502412974393	1.8210357135675512E-4	5.599104143337066E-4	2.5273197168984443E-4	0.0	0.0	0.0	0.0	0.0	103.40214093957837	7.744032584180228	1.9360081460450569	3.2866289337771266	0.0	0.0	0.0	0.0	0.0
sling-2209-both-sig	0.269747815116628	0.4848310793099023	0.10100017311032217	7.998546922831194E-4	0.0058823529411764705	0.001432599013141803	0.0	0.0	0.0	0.0	0.0	141.88549337329667	39.59659096608313	2.329211233299007	3.170102586942445	0.0	0.0	0.0	0.0	0.0
sling-1284-field-sig	0.27770626779757807	0.7252498490444695	0.20753069769113613	0.0070189688679676895	0.07692307692307693	0.020315180474898258	-0.07086660831805372	0.0	0.0	0.18829626429342233	0.07855822550831792	1064.6346179431587	31.698333305430275	2.113222220362018	3.3342295934284722	1.5149412542592808	22.724118813889213	13.320263527952841	0.09202273217955115	9.662386878852885
sling-1161-both-sig	0.29217304355636586	0.6851749778160704	0.15989386375872525	0.005094801888413918	0.06666666666666667	0.016516069293261475	0.0	0.0	0.0	0.0	0.0	728.6992181658495	36.78742444178683	2.299214027611677	3.106460270906469	0.0	0.0	0.0	0.0	0.0
sling-3606-method-sig	0.23485071547223216	0.45154271038326116	0.12603559333898823	4.0644709129570986E-4	0.0024630541871921183	6.735126676698835E-4	-0.3441109505367224	0.0	-0.37956200098885784	0.3372255392718483	0.9953789279112755	75.5539694809166	30.1682818692721	2.1548772763765784	3.5944369891916423	85.37540926364004	1195.2557296909608	1009.22151967918	0.26742754360089765	11.595709912402727
sling-1277-method-sig	0.29268601852057724	0.5317928090610172	0.15900645537204858	0.001380238584296878	0.005917159763313609	0.001996172275572781	-0.20335017816104853	0.0	0.0	0.2957933878670207	0.4343807763401109	436.7986484796088	35.1092068916521	2.340613792776807	3.7090786682671677	0.7309098430431653	10.963647645647479	3.23076736863679	0.10059500476971962	10.562475500820563
sling-1333-field-sig	0.3407606073411788	0.9172448816243334	0.21206542781215756	0.03059300213548892	0.5	0.12100496421943512	-0.004869705162468796	0.0	0.0	0.020078308750474456	4.621072088724584E-4	4099.334763063561	42.87747521104954	2.5222044241793853	4.107346028252075	0.0	0.0	0.0	0.0	0.0
sling-5219-method-sig	0.30432444674334796	0.9172448816243334	0.20978949924363433	0.020597194096286582	0.3333333333333333	0.08062556523609855	-0.05944565664223712	0.0	0.0	0.15571178147015127	0.03488909426987061	2772.061908023179	38.07118661159998	2.239481565388234	3.5386522449901032	0.3162566695156969	5.376363381766849	4.11356370807769	0.0	0.0
sling-1161-field-sig	0.34225563614187166	0.6851749778160704	0.14622896307334304	0.005347398386856977	0.06666666666666667	0.016441449988710208	-0.06620191428893801	0.0	0.0	0.18090444111690202	0.06839186691312385	764.5565856768964	41.24131199066397	2.577581999416498	3.2900455341127817	5.877635501805064	94.04216802888101	89.74355672449897	0.0	0.0
sling-3000-both-sig	0.41892943210539824	1.0	0.20105679281594085	0.006519355133496035	0.0625	0.016054684215803607	-0.03017898795812282	0.0	0.0	0.11688271776720388	0.019408502772643253	987.1529310878094	44.69950437737415	2.9799669584916098	3.785704680486122	4.827201608598512	72.40802412897769	72.40802412897769	0.0	0.0
sling-2274-base	0.5278392334138864	1.0	0.2682757582518995	0.15056188734277814	1.0	0.3748331059697212	0.0	0.0	0.0	0.0	0.0	48852.64351538282	18.63836841038621	2.6626240586266015	3.554644887707756	0.0	0.0	0.0	0.0	0.0
sling-1372-method-sig	0.41362461496757197	1.0	0.2556243440207616	0.02757757012360518	0.16666666666666666	0.05267639679659679	-0.14902250213949325	0.0	0.0	0.22021229294730235	0.10697781885397412	4194.952002908429	40.010251604901875	2.5006407253063676	3.4156449969996987	0.39160307223416363	6.265649155746617	2.3696226890783945	0.11550054677989625	13.86006561358758
sling-2593-field-sig	0.31339095961774094	0.7138944635876813	0.19492000448364855	0.0031647337452098455	0.02857142857142857	0.007528135288140722	-0.096362169805056	0.0	0.0	0.21986758955955787	0.19662661737523104	649.7602233158686	32.935806916152536	2.352557636868038	3.474477946866066	3.4379380718173946	48.13113300544352	43.86478996027841	0.13835066925692693	12.589910902380343
sling-1519-field-sig	0.3258519611132631	0.7518448520737152	0.20067889625562774	0.0010083075128189262	0.006802721088435374	0.0017627818289243928	-0.04695789586742951	0.0	0.0	0.14631745526849155	0.04782809611829945	151.79162700162232	43.0601049632443	2.6912565602027687	5.189527472508515	14.477037447385088	231.6325991581615	229.34974670063988	0.0	0.0
sling-4651-base	0.6191749335628066	0.9172448816243334	0.23289773116501838	0.08331320991520585	0.3333333333333333	0.13175400565626036	0.0	0.0	0.0	0.0	0.0	27032.5420060898	20.351895496954697	2.9074136424220995	3.68188073887135	0.0	0.0	0.0	0.0	0.0
sling-3781-both-sig	0.29375055418715224	0.7035301994335694	0.18751534625726574	0.0010404628336479745	0.006060606060606061	0.0017119495592864966	0.0	0.0	0.0	0.0	0.0	168.79889326668848	33.71981523651429	2.4085582311795926	4.295717036983776	0.0	0.0	0.0	0.0	0.0
sling-4112-base	0.3145814503025079	0.6620693758825617	0.19300122896426694	0.002531515284378541	0.015625	0.005326494581378466	0.0	0.0	0.0	0.0	0.0	906.9977872568605	18.877885642502896	2.359735705312862	3.415538503251043	0.0	0.0	0.0	0.0	0.0
sling-2834-base	0.2899360809453117	0.4048534652618195	0.146020153566839	7.049781076933943E-4	0.0012987012987012987	5.202541595687005E-4	0.0	0.0	0.0	0.0	0.0	400.301021599517	9.555772640760711	2.388943160190178	3.1198302087758267	0.0	0.0	0.0	0.0	0.0
sling-1611-field-sig	0.30704070515262344	0.5295009735434275	0.14015970907082848	7.173407778964675E-4	0.004424778761061947	0.0010915225508734113	-0.03985380448281892	0.0	0.0	0.1543531210449642	0.054297597042513863	108.61887978014963	39.07566468644647	2.605044312429765	4.1572100625774215	0.5934936289925221	8.902404434887833	8.902404434887833	0.0	0.0
sling-1435-both-sig	0.23934349003250333	0.4759186682508503	0.1577215348385587	5.88022530696415E-4	0.002053388090349076	7.547357899781102E-4	0.0	0.0	0.0	0.0	0.0	90.86844068914749	30.833678190466927	2.0555785460311284	3.5923383830522964	0.0	0.0	0.0	0.0	0.0
sling-1781-both-sig	0.33451053477987386	0.8078948174171074	0.22488852421887137	0.00533001147687947	0.045454545454545456	0.012989833928051212	-0.008104498202447085	0.0	0.0	0.03241799280978835	0.0011552680221811461	757.9787046079109	41.09874654450257	2.5686716590314105	5.189527472508515	2.4378122244951883	39.00499559192302	39.00499559192302	0.0	0.0
sling-4155-field-sig	0.3868187429892025	0.7378055417350364	0.19811202302437889	0.0034082704949414443	0.015873015873015872	0.004932728816471124	-0.07603607359282627	0.0	0.0	0.2006709907964397	0.09172828096118299	516.0762284194395	40.896483337937696	2.7264322225291795	3.980054480925208	0.8098274529079307	12.14741179361896	8.134840780584796	0.0	0.0
sling-1562-base	0.2977723139738771	0.7252498490444695	0.24207905711442043	0.004816561760020527	0.030303030303030304	0.01126795792961377	0.0	0.0	0.0	0.0	0.0	1562.8242896318486	14.838769490015832	2.1198242128594043	3.26109143018088	0.0	0.0	0.0	0.0	0.0
sling-1562-method-sig	0.2751588507178613	0.7252498490444695	0.16218882053147698	0.0022086925653497956	0.030303030303030304	0.0072645359756289395	-0.3324003343911682	0.0	-0.46972554238781034	0.3024414697695565	0.4359981515711645	316.02000230183654	38.60177512442227	2.270692654377781	3.26109143018088	11.019237742451825	187.32704162168102	45.82055870978267	0.43071520223714754	12.03636557848779
sling-2366-field-sig	0.35559445472925816	0.8078948174171074	0.18271402856175906	0.006076108619176732	0.07142857142857142	0.018843769345397852	-0.14966923728306078	0.0	0.0	0.31729495195521595	0.991913123844732	1206.4811234726928	36.607858730065104	2.614847052147507	3.6350967006473844	1.4856094105146385	20.798531747204937	20.575864334732962	0.0	0.0
sling-2593-method-sig	0.33422529986217064	0.6552704189667291	0.2004411449240421	0.002203761611939837	0.012987012987012988	0.0036250454798550484	-0.1340034002796783	0.0	0.0	0.238298940009791	0.21095194085027727	493.85745840174224	35.06483982903707	2.504631416359791	4.113862823075144	15.949089189881803	223.28724865834522	184.055301706404	0.1062317762733758	9.667091640877196
sling-3429-both-sig	0.2641944864888879	0.5250481606665071	0.12944233220560378	8.896290410414183E-4	0.006134969325153374	0.0017731045961593913	0.0	0.0	0.0	0.0	0.0	134.7065618396423	34.740153138626326	2.316010209241755	3.424081059782083	0.0	0.0	0.0	0.0	0.0
sling-4900-method-sig	0.3118880850171529	0.8688476831612741	0.21430410594327903	0.02297349960086707	0.3333333333333333	0.08298614737104867	-0.20946933829657655	0.0	0.0	0.2785424270903767	0.3470425138632163	3261.206007528534	35.98138376687347	2.248836485429592	3.5386522449901032	5.516034752713287	88.25655604341257	42.36331020548679	0.2810819014310546	12.049478651221552
sling-1495-both-sig	0.25700816254417785	0.5605075339935025	0.14890260919579915	0.0020337472214097922	0.02040816326530612	0.005189555124105324	0.0	0.0	0.0	0.0	0.0	471.43847929136814	31.583725118880192	2.105581674592013	3.3294792063242022	0.0	0.0	0.0	0.0	0.0
sling-5025-method-sig	0.2784013269723166	0.6070927103033307	0.16470499231753857	0.002911029852297258	0.023809523809523808	0.006601129829994347	-0.06765124947934029	0.0	0.0	0.1467466942464825	0.02264325323475046	420.8621354835085	36.1801582746708	2.261259892166925	3.5767045167425806	1.0418543796530533	16.669670074448852	12.762644709133793	0.0	0.0
sling-4307-both-sig	0.27372169493889	0.6115726182243452	0.14782856027747543	0.0022226875846221134	0.018518518518518517	0.005261936462483245	0.0	0.0	0.0	0.0	0.0	349.19171705055015	33.78921815025842	2.2526145433505613	3.4224563074265517	0.0	0.0	0.0	0.0	0.0
sling-3000-field-sig	0.4328859389479482	1.0	0.24241302294432063	0.010468061409485124	0.0625	0.020806772462637506	-0.041063177285617286	0.0	0.0	0.12926197419923996	0.024491682070240297	1585.061296950546	41.993973326600454	2.7995982217733637	3.772588722239781	0.5102481229235356	7.653721843853033	4.193868314081743	0.0	0.0
sling-4750-method-sig	0.24930878919089272	0.4879618238190535	0.09970742393478223	3.9755062304161574E-4	0.0019267822736030828	5.465625531532441E-4	-0.03657348572221358	0.0	0.0	0.13186757809389119	0.04320702402957486	84.90922555979797	29.776966936477944	2.290535918190611	3.5386522449901032	3.0435830052442205	39.56657906817487	39.56657906817487	0.0	0.0
sling-3781-method-sig	0.3238714640219029	0.7035301994335694	0.18129525437328722	0.001213793466038351	0.006060606060606061	0.001685560890019427	-0.14854463891902275	0.0	0.0	0.2490149626584428	0.1289279112754159	196.91908936646553	36.230057063364	2.587861218811714	4.295717036983776	3.7948597177616534	53.12803604866315	25.104133281307156	0.20507812548749135	9.426745684526148
sling-1367-field-sig	0.4033284637307317	1.0	0.32503376168569137	0.1479785015812707	1.0	0.37587850534235	-0.12365506504895264	0.0	0.0	0.3271605504730437	0.5718576709796673	48014.41528978738	13.895680004419553	1.9850971434885074	2.945165006579778	0.31807149959324327	2.226500497152703	2.226500497152703	0.0	0.0
sling-5126-field-sig	0.4617641236414173	0.9172448816243334	0.2462300714307406	0.030689800069194365	0.25	0.06882307015796013	-0.034319268329195934	0.0	0.0	0.08956707969952415	0.008086876155268022	3684.555512861057	51.410957875097886	2.7058398881630463	4.629460628309351	0.37806787077611526	7.18328954474619	6.911103766421412	0.08835607593028588	15.108888984078868
sling-2898-base	0.3218944037622804	0.5014086298600371	0.11217561025066355	0.0013776116943046465	0.0026595744680851063	0.0010516881453571376	0.0	0.0	0.0	0.0	0.0	521.490774043941	15.089194794787616	2.514865799131269	3.510569841040179	0.0	0.0	0.0	0.0	0.0
sling-1705-method-sig	0.19884733168720492	0.5635038995538271	0.11281032613186336	5.468108019189214E-4	0.007874015748031496	0.0018315800858778191	-0.07867548626479831	0.0	0.0	0.22929592782335356	0.294362292051756	82.27740234485404	33.8868843596416	1.8826046866467552	3.293222212941535	0.5961240342800994	10.73023261704179	8.876512858324485	0.0	0.0
sling-2287-both-sig	0.34267228777096714	0.6769626482915383	0.16124288577519075	0.002081972179399115	0.02564102564102564	0.005761602289787904	0.0	0.0	0.0	0.0	0.0	676.3993642959114	52.199338079725734	2.747333583143459	3.905043890141231	0.0	0.0	0.0	0.0	0.0
sling-4750-field-sig	0.29292146651950646	0.7138944635876813	0.17626821086865138	0.003677526993814509	0.03225806451612903	0.009285258506395165	-0.018705265060496492	0.0	0.0	0.06744279229676511	0.0025415896487985213	657.9670172030133	30.281873833388044	2.3293749102606185	3.268125073124509	0.24105283345518788	3.1336868349174423	3.1336868349174423	0.0	0.0
sling-3673-both-sig	0.3454724001428253	0.6851749778160704	0.18724298138436307	0.00366349944243309	0.02702702702702703	0.008076254341551722	-0.001059665032137283	0.0	0.0	0.004238660128549133	2.310536044362292E-4	554.1847212527368	42.47770702795075	2.6548566892469214	4.495214890989365	0.0	0.0	0.0	0.0	0.0
sling-2834-both-sig	0.31054301688172503	0.4048534652618195	0.10029120676549998	5.199772223256103E-4	0.0012987012987012987	4.350229877567422E-4	0.0	0.0	0.0	0.0	0.0	225.00254280402092	38.06849242107661	2.7191780300769004	3.4156449969996987	0.0	0.0	0.0	0.0	0.0
sling-3606-field-sig	0.2829342052203922	0.7861476779189076	0.18326245795040955	0.0019686351753524615	0.023255813953488372	0.006140954962364296	-0.011002162267041158	0.0	0.0	0.04116632171696009	0.0013863216266173752	323.3451082653121	33.076748709129845	2.362624907794989	3.7430064150597278	2.7872580035979	39.02161205037061	39.02161205037061	0.0	0.0
sling-1981-both-sig	0.2278642312702236	0.45869514586074167	0.12971889897089997	7.335089552314572E-4	0.005813953488372093	0.0014851061493878447	0.0	0.0	0.0	0.0	0.0	104.12535542850091	31.89700799320004	1.993562999575003	3.1874956206623524	0.0	0.0	0.0	0.0	0.0
sling-4638-field-sig	0.3899459426342638	0.6769626482915383	0.16560217187688994	0.008576172952628185	0.06666666666666667	0.019375137536772395	-0.06498685518600242	0.0	0.0	0.154401813209985	0.027033271719038816	1623.2422713492706	33.48425542262355	2.790354618551962	3.7703033184798036	3.85684911285652	46.282189354278245	46.282189354278245	0.0	0.0
sling-3429-method-sig	0.2641944864888879	0.5250481606665071	0.12944233220560378	8.896290410414183E-4	0.006134969325153374	0.0017731045961593913	-0.21473551742956196	0.0	0.0	0.3279387366242762	0.4833641404805915	134.70656183964226	34.740153138626326	2.316010209241755	3.424081059782083	3.257148855228707	48.857232828430604	31.55501349947312	0.3601144145206298	9.761526643830145
sling-1282-both-sig	0.33631169366245617	0.8078948174171074	0.23207235318008004	0.005361300216859429	0.05	0.01316020465895507	-0.01274317701754226	0.0	0.0	0.05097270807016904	0.0020794824399260627	761.0640424468074	39.03499285988132	2.439687053742583	4.212523023231798	5.224315264357181	83.5890442297149	83.5890442297149	0.0	0.0
sling-1675-base	0.39544479538523736	0.8078948174171074	0.2448675429350127	0.019064923961082142	0.125	0.04025683999987698	0.0	0.0	0.0	0.0	0.0	4330.181862417458	24.28610776191411	2.4286107761914106	3.6885235137196433	0.0	0.0	0.0	0.0	0.0
sling-1797-both-sig	0.3467566271232516	0.6369425860894536	0.21371658507517838	0.003188614451301816	0.015873015873015872	0.005168999296100849	0.0	0.0	0.0	0.0	0.0	1234.0972786614104	36.39381332187699	2.599558094419785	4.743875493422588	0.0	0.0	0.0	0.0	0.0
