209410
275722
207372
313365
486675
19733
288029
229921
230183
266539
198193
244784
264242
194101
303667
371768
90428
302394
192573
398676
333137
320081
342352
220258
473446
302439
265312
257381
310114
292972
389230
303215
193136
324215
238970
267390
198012
238976
408450
266640
338578
198043
249240
275359
194975
321690
273819
295335
321708
207530
225199
244908
296107
325813
287666
263858
316595
277176
196541
183492
410048
472769
221139
265174
112597
165082
218584
271323
249061
324333
192756
420858
180751
202772
280601
333850
187936
482862
312363
332851
406064
280132
232006
199259
256605
320612
285801
485482
331383
318075
408185
171138
125572
292995
224907
280205
234142
316071
471213
314558
176322
313029
265408
218308
166603
278222
327379
267481
337624
499942
219878
273135
499946
337653
478452
223484
181506
327936
264962
404763
328999
400164
269091
341818
257864
339790
233808
216405
256853
207706
339291
251740
473443
234342
327029
246155
197007
321428
411543
174480
266140
254872
384431
321469
264126
337345
223178
433111
223207
329197
471541
198132
221177
315897