170502
78853
335363
229380
13834
495641
112670
43554
10282
13364
255031
37942
300614
472657
9825
33893
268393
78449
29297
187000
17025
173187
54407
77449
142476
324246
64663
275614
1695
31907
92838
53929
72371
16063
13015
349400
7392
52964
7404
330987
32494
248054
94452
400636
52474
33534
57598
40707
8458
94474
16152
29474
124203
15662
15667
21823
9026
77125
125771
414029
369480
27989
208744
120170
34670
144253
53634
31110
463252
12695
73624
43418
9122
19363
50086
421806
9649
108473
8634
60364
109009
181204
64984
212442
70627
42984
22005
394225
343039
110074
167426
24579
33292
184862
1569
16930
245793
28195
26159
10811
296505
171075
13909
161364
228985
148615
9861
22662
1674
71824
145553
211625
145592
261837
19157
414939
232699
11514
4348
18174
24839
320269
117516
46871
47390
23328
491299
260402
54579
165174
12598
428862
88923
79706
94047
12640
86887
29036
53102
10096
13684
12665
53115
76675
177542
57257
6063
16313
56252
42429
12740
339414
181220
72169