334876
28698
217126
272418
425006
304174
55349
239695
256087
331864
462948
341109
151668
397447
88195
53383
374920
437398
416915
309415
91306
81078
385237
479440
42208
66787
332008
46332
318731
81172
82204
102696
9517
153912
398648
43332
232773
129354
466252
477523
259413
312659
53603
43364
70005
186754
320916
222609
313751
215448
199064
90528
279981
480682
252340
70079
59845
306646
320983
49619
233941
30169
255448
344552
59891
14837
421383
144902
35339
396808
52750
396809
252432
329252
329248
13877
67124
165434
178744
79419
52801
108115
133731
13921
19043
274023
38499
64108
62062
47731
28277
211578
312966
421506
37513
492173
304792
32412
126625
330415
12996
19145
312014
244431
24271
108247
333541
338656
94951
326377
120560
58098
398076
99072
30468
62226
381714
271139
181040
333631
165689
143171
230222
100174
185172
338809
291716
239490
285573
82839
299928
231329
17317
179109
275370
55221
13243
432056
13269
140248
210918
411636
51187
422908
329720
364539
313339
432132
99330
443410
259093
4121
111653
372768
96302
291893
178238
317497
294970
81983
75843
435279
261198
298066
372818
434269
43103
290916
23652
67691
90249
425109
461999
430267
301242
457926
49352
289992
378068
303313
491756
442614
262389
290034
283891
193795
130317
371987
60703
395558
267554
218431
164162
239940
88397
287049
231757
429399
424283
476517
287078
267616
172388
6503
262511
340338
288121
93567
8581
266646
364947
378258
297392
294322
251327
347587
354766
118222
360913
199135
377318
393719
252415
330241
17925
408072
260626
396823
24082
476693
397842
407056
256532
298520
307756
58921
80455
152142
306763
303698
243284
303705
434791
47729
465521
162434
424581
276111
196242
334480
266924
127656
1708
234170
324285
286406
393932
30412
236251
262877
309977
253674
414444
125677
25324
84724
308978
120572
316155
410371
35590
12044
63250
304927
46875
297752
61212
457515
337707
246594
164677
248659
85850
231263
195423
387940
275308
369527
296836
217984
342926
411529
51092
184222
296878
443309
264112
81856
90057
424920
474073
272366
68586
333803
127987
201718
460799
47097
411641