33806
23573
405038
383046
152135
178760
405069
234074
410207
403036
438875
385132
398490
176320
65738
110797
456395
366298
413913
420084
357110
403705
42243
14597
385293
363293
429340
25377
418599
25890
410402
153399
341296
11076
462147
384320
78151
391500
399695
51529
403810
402818
402819
483228
399769
364450
147877
485302
162740
343480
73675
339913
80339
144858
26588
383968
383970
426998
450037
291322
74753
482309
403457
71705
430108
336934
412726
149562
385111
464977
451677
418919
416886
17531
424075
181393
415911
135328
391331
24747
398520
124099
381121
399567
480462
483534
43212
427223
429279
471270
490724
126180
3313
399600
419057
103672
193784
456960
335118
424226
384317
179529
83297
487781
405889
340365
168331
30099
30102
399768
381345
381358
403881
36271
416181
41395
71113
148944
165346
230885
334315
424444
96765
412155
419331
425493
427538
426515
388634
420413
405051
416313
39499
41554
426590
407131
421473
417388
420458
420456
416379
420482
401035
411273
421536
426676
414384
388800
404169
475865
420582
427748
418528
416480
383714
415470
27370
421620
421628
86779
209661
424718
484114
177962
445231
466730
145202
415541
104245
30516
301894
433989
398158
29516
480075
386901
249692
29536
73573
148328
396139
484220
417659
383884
424845
422800
428985
79809
25539
406469
497603
318401
417759
69598
396258
430069
481276
441338