182277
173072
177177
119843
206887
331811
230447
226349
151609
251970
229441
118850
322637
166984
174168
321624
140381
149604
183405
277611
154739
322672
96385
96384
263306
195729
209046
155796
224409
94366
209056
134311
116919
224447
180420
179401
221390
113870
274646
229584
158945
154853
430305
118008
185597
206081
139526
213255
272641
272654
231688
481559
215314
213268
461083
354586
125221
208164
159020
266548
198961
198965
95542
131394
184646
97605
184644
186701
172374
256343
163161
185696
221547
130411
113004
149900
108954
248216
229791
183708
228765
163258
145854
155070
171462
109003
213457
221655
319965
199129
168417
137700
164337
152054
241145
264696
258560
153093
169480
405015
155158
441883
222753
202272
163384
227904
233034
151112
267848
164438
418392
203356
406119
293474
153195
201325
216703
45695
175756
166546
209554
173712
138903
201369
221852
268966
489122
198309
128683
89782
215743
228031
475855
148171
229070
160475
289502
172767
173791
171758
272107
298742
226037
496382
218878
247553
184068
400129
188168
122638
212755
206610
121622
139037
132893
272164
150305
183073
135976
165672
171838
383802
181058
474948
252751
326472
302928
344914
483163
187228
147298
50018
230248
247663
370536
138093
154493
225148
138127
484244
258969
344996
204719
264106
381875
171962
256954
380857
170941
307149
151502
443338
151501
201681
223194
183260
154593
265198
136172
231409
465909
267264
296457
220179
66069
215579
383001
138795
153640
231977
35888
269381
329287
144967
198724
230987
490062
222793
171601
201306
185955
406112
120938
218223
172675
263299
396429
130199
312466
90264
172703
273049
312495
149676
65204
205493
484548
243911
248519
228044
158418
203993
257246
233699
310496
314595
300771
181997
217333
191231
482554
61184
191232
177420
225047
129817
166680
319268
469803
63287
149816
232771
307524
230209
417603
274765
173393
226640
260953
488805
218983
117094
367980
216946
203126
409969
227706
482171
173447
185225
234376
220069
304041
206765
241074
108466
79794
217022
486328
226254
183250
383448
477658
207836
479192
146912
226788
98790
170474
342512
206335
68606
