59908
48133
47111
48139
50700
51212
50189
56334
43538
44562
48149
48661
48150
48151
46105
18462
53792
53793
48678
37929
49196
43053
45101
55343
48176
45618
50228
42039
36923
50747
49217
49730
58946
48196
46666
33356
49234
50771
49749
57943
42072
48217
49757
34399
37984
54370
41059
48230
43622
60008
51306
54382
47216
56953
57977
56446
47744
41089
56449
37509
47237
43142
42119
59015
48266
48267
37515
60043
50316
58508
43150
57490
39572
56982
42648
55960
56472
38553
46243
21157
57509
48296
39592
39088
58545
58547
52405
43191
47799
46264
43706
49340
55996
41666
48837
48843
54475
41166
53454
43216
47827
49876
47320
45785
48345
56025
56027
47836
45279
49376
38113
54497
49890
46819
47331
48870
48358
58603
29936
50929
49905
59123
49909
52474
47866
42747
56573
48895
58119
52488
46866
52500
43285
39704
45851
54045
10526
56606
58660
48421
39724
59189
53565
43840
50496
58178
48454
49991
54087
54599
48973
58701
49998
53584
59217
45906
27988
39769
47453
50018
46950
47462
52586
48498
45427
56179
47478
50550
46967
58232
50556
46462
49536
48004
47499
47502
56724
56217
45977
52121
47515
47518
55198
56736
13731
52135
50600
51119
57265
48050
51124
59317
44986
39875
55749
49095
56777
59849
59850
49099
42444
49613
43470
44494
49103
49104
49105
49106
50642
51155
58836
49625
49116
40929
46051
46564
48613
51688
53737
52719
48627
48629
55798
55799
48143
50192
46096
51220
56365
51249
51251
50230
31804
51264
48197
52293
49227
42071
50273
52326
52328
48233
53353
43117
51310
41074
54387
53366
56438
58489
58497
50310
49290
12428
51348
50325
53398
45212
52384
58535
46252
28852
56501
46261
53430
51386
44223
49345
51395
58568
57544
58582
45272
50394
43236
45285
53481
51436
51447
53498
51453
47364
51467
48399
46357
55576
50459
55582
49442
48424
53545
46381
52547
46403
50503
54602
51532
56653
56657
43356
49503
57700
51557
43366
45419
41327
50547
49525
53624
42361
49530
50554
55681
45441
48517
46471
49543
56712
48523
45453
49550
58768
50582
53654
51615
49570
50601
56746
43435
50606
40380
49598
50631
37326
38352
47569
50646
53725
56797
53735
48616
52724
50683
55804
56848
54802
59923
48660
50709
51736
23066
51741
55842
42530
53800
50737
45628
56900
56902
57931
56907
35410
42579
56917
49750
44633
48729
43617
53863
57969
52858
59014
55943
41608
60041
51860
55956
48790
54939
48795
51872
59043
38570
54955
59054
51887
53952
51905
49860
42693
53960
47826
42707
48861
41722
54012
59138
54022
47881
59145
59151
49937
56082
58166
47930
49985
58179
40771
46915
49987
59206
53067
54096
59219
55125
43868
54115
56172
47987
43893
55160
47997
56190
59269
50054
49030
55177
46985
41869
52113
53138
49045
46998
50105
50107
46011
50108
52156
49086
44994
49092
40901
47046
50138
49118
49132
48113
55282
49141
58357
49142
49143
49144
49151