3713	4	1.8057411118560047
3714	25	-0.6011051055733326
3715	6	5.552306136666617
3716	25	24.688103839882753
3717	5	5.006455586167411
3718	25	9.048199431386255
3719	2	0.3827728715033328
3720	25	15.240899603842825
3721	3	-0.24692930007819486
3722	25	35.718347092384924
3723	25	15.715021596872319
3724	5	1.0735429647020702
3725	4	3.2266817699275707
3726	4	2.3378253148854165
3727	2	1.7727655575026082
3728	3	-0.4851814075653938
3729	3	0.9927434610558359
3730	25	12.020261494572877
3731	6	5.043525887515191
3732	5	7.273467191859984
3733	6	3.3955353464269598
3734	25	26.462874732817518
3735	7	1.5576043097181484
3736	3	2.7083105422399028
3737	25	10.315472051090504
3738	25	8.970293952968511
3739	25	11.876852411354177
3740	5	3.5395659063170806
3741	3	1.1868130273386395
3742	6	0.5128276775066986
3743	5	2.1290611193655122
3744	4	2.74059027664209
3745	3	1.9708860722891592
3746	1	0.21473957254883283
3747	4	0.9296145792334656
3748	4	2.5607010912953516
3749	25	6.3991712059919585
3750	25	22.579235975346695
3751	25	12.545269526784285
3752	25	4.867714286158026
3753	2	0.22883077550280861
3754	7	5.561191692195988
3755	5	2.338187251669822
3756	5	2.5907338569659086
3757	2	1.0295943795527627
3758	4	0.8615396937698655
3759	4	1.8345583353000885
3760	6	7.333454521358421
3761	3	2.495626956155287
3762	25	6.401583894955504
3763	8	3.721174122665156
3764	4	3.0717047986721213
3765	25	12.586708511937129
3766	3	2.6715234528411917
3767	25	13.89684308315585
3768	3	2.7070114362321833
3769	5	3.505048943482333
3770	4	1.2526056233480933
3771	4	0.6026614586790124
3772	4	4.18804186059598
3773	25	4.661123626894118
3774	5	-0.02634813785628172
3775	25	10.878924156624748
3776	4	0.9940122717659042
3777	25	3.4736415140115606
3778	4	2.74979649092061
3779	25	9.676918662729166
3780	25	15.788443228725109
3781	6	2.1371000395623536
3782	25	15.195746264797569
3783	1	0.0636764852762936
3784	2	0.8047509709280908
3785	3	1.3989994818385327
3786	4	1.2899494233194588
3787	4	2.875326932934392
3788	5	5.487469054062857
3789	4	3.42281871589097
3790	3	2.6303952726161466
3791	25	14.192882972322321
3792	5	0.3058380435257557
3793	25	8.59028626411694
3794	7	4.125665263182185
3795	8	3.470132641721921
3796	25	8.076782536235802
3797	1	0.1872085675125696
3798	4	2.0259937486344253
3799	4	2.982675988075271
3800	25	0.10938560252352618
3802	25	8.00720685033646
3803	1	0.4023754854640454
3804	2	0.3035198996975976
3805	1	-0.09030181295796806
3806	25	2.990968656283216
3807	25	24.928776484368242
3808	2	-0.03329741048592222
3809	4	1.6041638724382221
3810	25	12.403625651797586
3811	25	14.60815194304362
3812	6	1.2441722266433861
3813	5	0.19396810327202035
3814	3	0.3553636622070193
3815	25	6.4081438949682
3816	5	1.351197190231696
3817	4	3.6049990814121036
3818	2	1.9234172996472454
3819	4	1.1231965580209233
3820	3	1.4334939571279453
3821	25	8.19914908094572
3822	7	1.2372588727209886
3823	5	1.3704907790372955
3824	6	2.469804235578886
3825	25	4.059075869220389
3826	25	21.555259885238215
3827	4	-0.33181487435748486
3828	3	0.9969891489827793
3829	3	0.09491679731438253
3830	5	0.1492569880724229
3831	9	5.532316436684167
3833	5	0.7098584249569049
3834	3	2.221385426001683
3835	25	12.880640803317359
3836	4	3.309893598313877
3837	4	3.0642988559588455
3838	2	0.3459076588982756
3839	5	3.48520480072887
3840	7	3.3246905755355662
3841	2	1.1544963471748184
3842	4	1.1912638752389573
3843	2	1.8286354545204553
3844	4	2.559120641041008
3845	6	4.389188449646554
3846	25	16.07273059496152
3847	4	4.932665372583466
3848	5	4.919957632039902
3849	7	1.4096689409802403
3850	3	1.7535092152651246
3851	25	17.127867260691186
3852	2	-0.08570858434644417
3853	2	2.1189860642021325
3854	25	17.294824394395985
3855	25	11.359421089970812
3856	2	1.3617971532641027
3857	1	0.6800123583654129
3858	5	5.578743729550194
3859	4	3.0587316352133906
3860	5	2.8048273527253973
3861	7	1.6330170404940638
3862	5	3.4771236200913247
3863	25	21.709708038602834
3864	25	4.1943027191598725
3865	2	1.2617333999918565
3866	25	14.812919632743563
3867	3	2.114283568727891
3868	4	2.1502876277480847
3869	8	3.225491734488062
3870	4	2.460638692869601
3871	2	2.559475570186349
3872	4	2.3967882186694704
3873	4	2.094376587739382
3874	3	1.8723079758279808
3875	3	2.4910231592041594
3876	25	4.787527875353186
3877	3	2.0848959757367096
3878	4	2.425042148329845
3879	3	2.2105397409933825
3880	25	10.982549447942759
3881	3	3.607859145452653
3882	25	12.25074356678026
3883	3	2.4101235324747177
3884	2	2.6985162878254165
3885	25	-2.284925825902958
3886	4	3.6708998900486516
3887	2	0.4600690205192051
3888	25	10.2507161062376
3889	5	0.521593758026909
3890	3	2.660472660053957
3891	5	2.471272268939429
3892	7	4.5600851236136375
3893	5	7.090843764249872
3894	5	1.984462640449526
3895	6	3.2610038343290406
3896	4	4.0723394266583846
3897	6	0.8597022025875439
3898	25	1.0762150777121822
3899	5	1.7668349852929646
3900	4	0.817184014546384
3901	4	1.9021146728683123
3902	3	0.2470520731318278
3903	6	6.665444962906887
3904	2	0.6115121176031781
3905	4	2.6114568150799835
3906	7	2.9223598914973854
3907	7	2.0042901864466307
3908	4	1.3359850402712288
3909	1	1.1745082421598587
3910	7	3.289916595320464
3911	5	2.205096559786707
3912	25	1.3749299810411821
3913	5	4.6504796645508595
3914	25	3.8774787991241944
3915	7	2.960232785444071
3916	2	1.1921922692393618
3917	7	2.659998032733155
3918	2	2.6321412578090335
3919	2	0.4617805041193899
3920	25	15.35573025127216
3921	5	2.2694820556982456
3922	1	1.2434049412818324
3923	25	19.935115235534045
3924	6	2.8005110332708387
3925	1	0.552082317077358
3926	1	0.16065515672036296
3927	5	-0.07577582560409882
3928	2	0.6773448813991765
3929	4	0.8121579129484858
3930	3	2.509101162504528
3931	7	0.14283157668625954
3932	5	1.6941826139914968
3933	4	-0.04554223864209786
3934	3	0.3972982125975003
3935	25	7.102565557185074
3936	5	2.0497719948041304
3937	4	2.4295505450499446
3938	3	0.5322505062055843
3939	25	18.786727560045396
3940	6	3.244650698651101
3941	2	0.4039342215852615
3942	4	2.996447920110881
3943	5	2.5417876896225917
3944	3	3.546695341384744
3945	25	29.878793728117625
3946	5	4.134640518175088
3947	25	14.4318269076653
3948	6	1.2715797697281628
3949	4	2.118305141598861
3950	6	1.421345927208543
3951	3	0.2653975003558227
3952	2	0.9989349328618007
3953	4	3.2125549771313153
3954	4	2.7586255570888047
3955	3	0.9348551885806908
3956	4	2.581431252997046
3957	3	1.7219270161181237
3958	4	3.0507130626357113
3959	4	2.1597011996088984
3960	4	1.9561355738447515
3961	4	0.9709576016504106
3962	4	1.8134745732478343
3963	5	1.8976709892970745
3964	3	3.8325142463413773
3965	2	0.876036427553173
3966	6	2.39727243405384
3967	5	4.990815159196318
3968	8	6.4776943428289435
3969	25	6.402993252610743
3970	4	2.7172499772007774
3971	25	7.4577998925575395
3972	5	1.9629698412970482
3973	3	0.3373281165280594
3974	3	0.9149986843494391
3975	4	2.583301691720375
3976	4	2.252820226141073
3977	4	0.07764386127544867
3978	7	6.130461517130395
3979	25	6.7601548206142095
3980	6	7.160926121094509
3981	25	1.854506139017412
3982	6	2.3885514900968237
3983	4	1.3309444272267092
3984	5	2.574817985899672
3985	5	4.283645357063642
3986	4	2.1718441631262313
3987	25	10.744581548578083
3988	5	0.6130603632970514
3989	3	0.3603191169301081
3990	1	0.4744839888094055
3991	6	5.383106824545404
3992	2	0.4580186374137314
3993	7	7.268776615307584
3994	2	0.9544578025414034
3995	1	0.08658503104059692
3996	3	0.2632162523129794
3997	25	7.172437009358458
3999	6	5.232697105762508
4000	3	0.9524116506736824
4001	5	2.5403247267164355
4002	3	2.448923531206196
4003	25	8.555373522781409
4004	3	3.6324661596181516
4005	25	23.54904810500248
4006	2	2.1049078707217497
4007	3	0.33599663534184165
4008	25	8.200259658156238
4009	2	1.9293824240471735
4010	4	0.198588761039029
4011	6	3.199140576190564
4012	2	0.6810532483556728
4013	3	-0.569188244432181
4014	3	0.4580186374137314
4015	4	2.3212302434147825
4016	25	5.229094888228047
4017	4	0.13564888537747669
4018	4	2.5029065077282957
4019	25	18.622353509503718
4020	6	1.0005027235705
4021	4	1.4492035792742801
4022	7	1.3640859738118853
4023	6	2.1033961574260847
4024	5	0.7449593948013675
4025	6	3.0510857810906344
4026	2	1.6229424446073328
4027	2	0.4783246980427755
4028	1	0.3035198996975976
4029	5	0.40386384467109016
4030	4	2.7220229287346283
4031	25	14.80298259422563
4032	5	6.065244023321003
4033	2	1.5500336963562473
4034	25	5.429128215817099
4035	25	11.594973999440006
4036	7	8.765953742016523
4037	6	5.496897900073329
4038	6	1.6170730481613647
4039	4	1.6419674106058322
4040	25	13.330981198558367
4041	3	1.9063470603305406
4042	2	1.8607992571237824
4043	4	2.1999808604804256
4044	3	4.357241825951046
4045	5	0.40217131868390404
4046	3	2.1826475143883677
4047	25	23.309896775749
4048	6	2.9102603558171043
4049	3	2.728626017498027
4050	25	8.11849628598424
4051	3	1.664108885455902
4052	4	2.134886567669836
4053	2	1.1451908193484006
4054	6	4.8963168431854465
4055	5	2.389623568451719
4056	3	1.89134537857939
4057	4	1.8727161375184143
4058	5	1.3999813850091027
4059	4	3.1138700083704487
4060	8	3.7257107193192978
4061	3	0.4188126869245268
4062	2	1.2442694802914527
4063	5	5.7630920886060295
4064	5	1.881835629446726
4065	5	1.1122808285086099
4066	25	3.2547276267464733
4067	5	4.004254808992456
4068	8	1.3650896843723723
4069	5	1.8887833913693477
4070	25	8.526691265793858
4071	25	2.5197053944049346
4073	25	11.702000240754478
4074	6	8.188030321141355
4075	5	3.067482478793929
4076	3	0.12456779390058781
4077	5	2.411623329137474
4078	3	1.9618217213214844
4079	25	11.94767885235257
4080	5	2.856507723655527
4081	25	-0.2913309560458718
4082	6	0.5816928426714194
4083	5	2.395334399248548
4084	25	12.714208481815948
4085	25	10.875511292962317
4086	25	9.10245269998478
4087	25	18.93869689178086
4088	6	1.8011870412916895
4089	4	1.2197170424131423
4090	6	1.6401629515014247
4091	1	0.5125648256159385
4092	3	2.1340414475660148
4093	2	2.2157766680585573
4094	5	2.54413849033419
4095	4	3.302594954816856
4096	6	3.9135006957683007
4097	25	17.17307687636331
4098	25	21.307989149281205
4099	6	-0.5361108675188517
4100	4	0.7981440737162955
4101	25	14.795550625350474
4102	4	2.162666032814019
4103	5	0.24550570827102644
4104	4	1.2333748861851388
4105	25	17.33969631653468
4106	4	-0.9601366068381211
4107	25	22.54577605570016
4108	6	0.7702896984110911
4109	5	1.2540634399112056
4110	25	11.441471106225833
4111	5	1.8586939936410454
4112	2	2.0394351174578036
4113	2	-0.17445176503702928
4114	8	0.7953152888817305
4115	25	15.393058331441
4116	25	22.482352229134907
4117	9	0.2863880383101537
4118	5	4.580693137183635
4119	5	4.053408279407982
4120	4	5.070901178549213
4121	5	0.27172269446105013
4122	25	5.7683010411298685
4123	25	20.974360648209146
4124	3	2.93409278698991
4125	6	1.104579863133593
4126	4	5.270996425964589
4127	4	2.764642786747552
4128	8	7.174321081188329
4129	2	2.2659033705433202
4130	4	1.4673985204407511
4131	6	3.118638949638813
4132	3	0.8843725706098136
4133	6	1.6626440840484173
4134	5	2.6721203424749884
4135	3	0.01624903908949376
4136	25	11.244374142813411
4137	6	6.157028036115323
4138	25	23.265021733735313
4139	3	2.971613118289604
4140	2	1.1422497835734684
4141	25	2.658657591828805
4142	4	3.8158728528795702
4143	25	15.520823391185013
4144	25	15.9720638914496
4145	1	0.5125648256159385
4146	3	0.6093973912895647
4147	5	3.519255520972697
4148	2	0.879001738273836
4149	25	16.553752735275307
4150	6	3.481548821615332
4151	25	7.557136808923391
4152	4	4.011565130606334
4153	2	1.1488968805598085
4154	25	16.636199043532784
4155	25	18.76397150931862
4156	8	2.408262064150105
4157	25	17.19030892577072
4158	25	12.26088259356839
4159	2	1.0632449950657425
4160	4	2.422732611225883
4161	4	2.755726486275343
4162	3	1.6604397535346966
4163	3	2.280590722807456
4164	5	6.156955259088597
4165	3	1.8386638735284855
4166	25	15.009776672139246
4167	6	1.623642353333559
4168	7	2.4353555290476034
4169	25	15.889957665072483
4170	4	3.0719643155606526
4171	5	4.749944808599712
4172	2	1.3886012531691114
4173	5	2.295995047249272
4174	4	6.204083794880532
4175	5	3.060738421928063
4176	4	1.017848725963285
4177	25	6.111981366540607
4178	4	1.59595600860904
4179	7	3.2909450413601786
4180	6	7.68899811084564
4181	25	8.0745545380613
4182	4	2.9229663745578702
4183	5	5.233496604265363
4184	3	3.2420086571470277
4185	4	3.229210887291139
4186	3	-0.06415277163169114
4187	5	4.380091963800664
4188	5	1.381571831984239
4189	4	0.8963656125108066
4190	25	21.276746914797673
4191	2	2.9967434862092137
4192	25	1.583662116975426
4193	4	1.9331379031398501
4194	25	18.842760559269035
4195	6	5.200528327273004
4196	6	4.1703296418049005
4197	3	3.383588957823176
4198	6	4.360216148875124
4199	6	5.934229124154341
4200	1	0.7740167308351888
4201	5	1.5860324926780898
4202	4	0.6329874820807733
4203	11	2.5599553113127147
4204	3	1.5148529199115748
4205	3	-0.30119042971860305
4206	1	0.43777418349077435
4207	5	3.0876820340922135
4208	2	0.8406675150857759
4209	6	6.1785827950849646
4210	3	1.5691962378208169
4211	25	8.975264439174875
4212	2	0.5225051601733738
4213	25	13.32493176271863
4214	3	1.1280226199165675
4215	4	1.9198806641515616
4216	25	4.5611962169539995
4217	5	0.9680198614953253
4218	6	1.8606300779826777
4219	5	2.029413812224761
4220	25	18.785842871988272
4221	4	1.7899001955299823
4222	4	2.2515054926722193
4223	1	0.4744839888094055
4224	6	1.0726016209032765
4225	5	1.6621570199710987
4226	5	2.8523507548706233
4227	25	19.197700788280297
4228	4	1.9506642765124431
4229	5	3.3126510890276144
4230	25	10.302484813560733
4231	3	2.4455595310129334
4232	2	1.8207078084826318
4233	5	5.15790574445768
4234	5	3.392329927992094
4235	5	1.2361620002969549
4236	4	5.016900423422874
4237	3	1.6167294597706547
4238	4	3.221211441737256
4239	2	1.0407685110660743
4240	7	4.906498554940882
4241	3	3.1066611400334003
4242	6	3.830106776291266
4243	4	3.5566645916922264
4244	25	24.83355271304379
4245	6	3.4770977035607324
4246	5	4.437247388754398
4247	4	2.3163182703023755
4248	25	13.814362567827253
4249	5	1.2655227853514888
4250	25	18.020386735632865
4251	25	-1.0328680092816087
4252	4	2.9125619341946622
4253	25	14.803836629138575
4254	2	0.6624511995815412
4255	5	1.8114202581043302
4256	4	4.611189334467039
4257	25	9.60518516842402
4258	3	1.397775412039717
4259	25	20.451704066759007
4260	25	14.849301992591469
4261	25	11.131421036937232
4262	3	-0.18037004454615818
4263	25	12.463447328156045
4264	2	0.865968955277678
4265	4	4.316284788110823
4266	2	0.4580186374137314
4267	5	2.5193998898029215
4268	7	2.1687942204172095
4269	25	13.090150886533108
4270	6	5.472453030657111
4271	7	2.6157656094051696
4272	25	11.782910635123391
4273	8	3.3171866595921773
4274	2	0.9132830473677347
4275	2	1.2073462343678059
4276	5	4.63013949503816
4277	5	3.696578695959047
4278	25	28.33734692105873
4279	3	1.9296325443880633
4280	3	1.0146228586933608
4281	1	1.046691077647443
4282	25	14.796069964906343
4283	2	1.2073462343678059
4284	3	0.8416803737832967
4285	25	4.981627060110586
4286	5	3.0828247315033344
4287	25	3.6857264298861727
4288	5	3.362598830651244
4289	5	1.9946137261432453
4290	4	1.9418525518529424
4291	7	2.313586732985479
4292	3	1.199353945770278
4293	25	8.505671307895936
4294	1	-0.019602613960712632
4295	25	28.592320581594258
4296	1	0.21473957254883283
4297	5	3.586703163794682
4298	25	9.139885519659048
4299	3	1.7338241465422586
4300	1	0.04162220799023902
4301	25	16.468157150547686
4302	8	6.845824619857673
4303	5	2.401760647690498
4304	25	18.501139383203437
4305	3	0.8837451955687016
4306	5	2.3674781167039978
4307	2	2.969904751142468
4308	6	0.6716029761110673
4309	4	3.5290679177907154
4310	3	0.7629396519977028
4311	4	1.4673582386264845
4312	5	1.1729309046900434
4313	4	1.2697776323506096
4314	25	11.832523138562419
4315	3	2.8268354018270934
4316	2	1.7267034360128557
4317	3	5.234402829070185
4318	7	5.240609817691679
4319	4	2.8020334762933277
4320	25	22.48222765738114
4321	25	9.581555240282304
4322	3	2.4614597115052343
4323	25	12.627774625045507
4324	5	0.9569616589590878
4325	1	0.08658503104059692
4326	25	5.061504049437279
4327	5	3.0626392623356358
4328	1	0.7740167308351888
4329	3	2.0970800771375377
4330	4	0.9181420193869254
4331	25	9.292303318970395
4332	6	4.380745001167867
4333	1	0.16065515672036296
4334	2	1.2600802242050309
4335	2	1.3671252331062314
4336	25	8.387046824806115
4337	3	0.0160996328355294
4339	3	3.384267707103988
4340	25	1.3838830529600221
4341	5	0.8642876840206835
4342	5	0.036027120917461325
4343	5	5.275264332235529
4344	4	2.0911468054648856
4345	25	21.521881550027476
4346	25	6.708848340899833
4347	1	0.3035198996975976
4348	8	2.783517571354761
4349	4	2.681551871849222
4350	6	1.0141402974719065
4351	1	1.4744108970798904
4352	5	2.967113838847696
4353	6	5.84222779211779
4354	5	1.9813083902344029
4355	4	2.40250986910677
4356	3	0.11484500508600581
4357	4	1.7266893565582324
4358	5	2.3297155132576925
4359	2	2.451986108412003
4360	6	6.048461635670649
4361	1	0.4744839888094055
4362	4	0.17341195919590327
4363	1	0.13505075181745743
4364	2	0.2508850527888632
4365	5	2.36598535506816
4366	4	3.1212369471672536
4367	4	1.2458440705963176
4368	5	2.4905066049476017
4369	2	0.7355962311518913
4370	2	1.3681738120526656
4371	5	2.0894262599103928
4372	7	5.500761946565165
4373	5	3.3814051684266238
4374	25	8.766633377583021
4375	6	4.642447340436362
4376	5	1.6686723598136206
4377	25	12.8492859074697
4378	3	3.2936337021564364
4379	2	0.36395498578074786
4380	25	15.459311490540157
4381	5	2.5320397812105133
4382	2	-0.2267337061259949
4383	3	0.9446134054425127
4384	5	4.429834508068899
4385	6	4.266842196662499
4386	4	2.422017741196264
4387	3	2.637272929586757
4388	25	2.1133120041088262
4389	25	13.69567903225094
4390	25	4.195854566407743
4391	6	3.139901421658804
4392	3	3.159125318645165
4393	25	7.079888757081365
4394	5	5.2350451518429715
4395	25	13.325668532165029
4396	3	1.8005830367219524
4397	2	-0.4040513132517863
4398	3	2.580452786950253
4399	25	10.558732066127707
4400	4	5.3882953922298995
4401	25	18.240172153622023
4402	2	1.3895952566624405
4403	25	18.544912318331985
4404	6	0.6681669782283026
4405	3	1.7286952757660363
4406	1	0.27286045300663553
4407	25	13.338186392106826
4408	25	8.584493799485942
4409	2	0.5829726252871125
4410	5	3.479344221754785
4411	2	-0.34614602573908276
4412	3	2.863394333958886
4413	25	24.00670490711051
4414	8	3.29088982293688
4415	2	0.5288882094586426
4416	2	1.0508962564746889
4417	7	1.5669222481897078
4418	4	3.548824257084704
4419	25	2.6028765140429373
4420	25	2.4394364581505936
4421	6	2.3390522284725246
4422	2	2.717815838361723
4423	5	5.352423043192843
4424	3	0.7392308142460657
4425	2	2.221199319807302
4426	25	15.601051937557507
4427	5	-0.8990364456020276
4428	6	3.2170360549939367
4429	25	17.737413073996827
4430	4	1.3281558025776512
4431	5	-0.5098050240759076
4432	25	8.373539234279104
4433	4	1.0900205203784614
4434	25	19.566537921086113
4435	2	1.9770907062093341
4436	6	4.242702091027953
4437	3	1.0524327886603153
4438	2	0.5984293402111374
4439	1	1.1090354888959124
4440	5	1.4268491605354434
4441	5	3.2869060828650816
4442	25	23.128475336027343
4443	5	4.9928897367310165
4444	5	3.3690325234261183
4445	25	21.320702715368597
4446	2	1.038098158872983
4447	4	1.9261080950936358
4448	1	0.6800123583654129
4449	5	2.838251199459628
4450	4	1.855754363483982
4451	3	1.6738208322819204
4452	5	4.742180800308507
4453	5	4.058296594500126
4454	5	0.9783502045182102
4455	2	-0.38294854670761225
4456	5	3.2777780223593633
4457	4	2.563889617482442
4458	25	0.12663517586207287
4459	25	8.87414833313962
4460	4	1.6709058131428325
4461	5	2.04044617025576
4462	2	1.0968196695077177
4463	25	8.69667625476914
4464	5	4.136604679513618
4465	4	3.8796169434494923
4466	4	2.2344624156457775
4467	1	0.8239592165010823
4468	5	5.728416318978087
4469	6	3.3080201662458864
4470	5	2.7816044717137727
4471	4	0.07665877485834227
4472	25	19.224287813620705
4473	7	3.7454875548218074
4474	2	-0.10772735722987195
4475	1	1.3929115843469673
4476	25	4.100000498292945
4477	4	5.577204981002247
4478	25	19.871335295655378
4479	3	5.222759719888231
4480	25	8.72039234612261
4481	3	2.0560538919438534
4482	25	3.0857801072373596
4483	3	0.40663306296879786
4484	25	11.624793183304721
4485	3	2.277988305701684
4486	25	16.353418975733995
4487	4	1.78669142027716
4488	4	1.261501892436562
4489	5	2.770347116853226
4490	25	13.587229946980512
4491	3	1.8712652992035657
4492	25	20.024770349408946
4493	25	4.149689329320259
4494	3	1.6251750067674466
4495	25	14.555722262439055
4496	4	1.096985398862982
4497	3	0.7201761137814948
4498	3	1.1948310593639515
4499	3	1.308942655745239
4500	5	2.227262832898941
4501	25	21.903650251374415
4502	25	4.6537600831334744
4503	4	0.7876045601876738
4504	2	-0.05646782656576976
4505	25	22.914625058703027
4506	4	0.8136836468163974
4507	4	1.2882319679356486
4508	3	0.05164374276208816
4509	3	0.35443644442161326
4510	4	0.9700273029220857
4511	1	-0.07375761903458251
4512	25	5.3226160009095675
4513	2	0.9346718875555518
4514	3	-0.5593596398579419
4515	4	6.155809472533074
4516	3	0.7835888648404847
4517	4	1.434054639250143
4518	5	5.400357310085094
4519	7	5.809209461353924
4520	3	1.6437331153985772
4521	3	0.18423773803003157
4522	4	3.66697108736361
4523	4	6.181484737312106
4524	25	16.457837734463254
4525	6	2.9261511345898827
4526	5	0.469813052193207
4527	25	8.384219910030032
4528	25	15.892441283021764
4529	5	2.3239009405321065
4530	4	1.5067016698822187
4531	8	3.116453908539845
4532	25	12.812020343170856
4533	25	19.775821782725885
4534	1	1.4744108970798904
4535	5	1.2095983764398848
4536	2	1.011167784013652
4537	4	2.6141782370848383
4538	5	4.291808533468966
4539	2	0.47034734447826165
4540	25	16.225965652123254
4541	6	3.710761204208381
4542	3	0.5022471367913486
4543	5	3.0566219547949287
4544	3	0.915119853432274
4545	25	9.303297868072256
4546	25	9.605284786205761
4547	25	15.585710403558874
4548	7	1.7456339178268532
4549	5	0.6550292678631338
4550	3	2.0638414180394684
4551	5	2.165740732907263
4552	25	18.775672906854084
4553	4	0.58450678011007
4554	6	5.003875192622766
4555	6	0.05571729986436197
4556	5	0.12065094508921781
4557	1	-0.07375761903458251
4558	25	7.627034880454802
4559	6	5.4563791377190025
4560	25	8.745095585952175
4561	1	0.08658503104059692
4562	25	23.1441811604133
4563	5	1.9963430852010187
4564	25	25.82554368518872
4565	25	8.222107007145256
4566	25	-1.704982513710481
4567	5	0.9467100752457605
4568	25	19.901407689923232
4569	25	23.39871394668907
4570	4	2.033151000356609
4571	5	3.179181842979092
4572	2	0.4793963914810134
4573	5	6.743793969439236
4574	25	15.378550691162284
4575	6	4.948325609753063
4576	7	0.26560436083536954
4577	25	21.992488232970576
4578	25	12.120080016148735
4579	4	1.4583140612247059
4580	6	0.792244092843317
4581	3	2.1615570565852025
4582	4	3.4860628587994635
4583	6	6.028515157316795
4584	3	0.6191181055271429
4585	4	1.8008012550644832
4586	2	2.113231688386252
4587	4	3.136329963481343
4588	4	4.31745457990161
4589	25	19.623268597184182
4590	7	0.9780545646554277
4591	5	3.4863702135317594
4592	8	2.5164945923419384
4593	25	8.146651529076287
4594	6	3.571287753565178
4595	25	11.845641188234758
4596	1	0.4023754854640454
4597	25	15.565528492482605
4598	2	2.1049078707217497
4599	4	2.398488737537639
4600	1	0.4744839888094055
4601	6	2.819234000960737
4602	2	0.24724018776095988
4603	6	4.808716020802731
4604	25	7.499970776199601
4606	3	1.0042436665840089
4607	25	26.14424448155228
4608	6	8.302459720737975
4609	25	6.33105364457907
4610	4	4.3595481302067665
4611	25	13.386106318641799
4612	3	1.165593540001387
4613	3	2.75470873761107
4614	25	12.017072796371718
4615	6	4.742774091045631
4616	4	2.8702187415426756
4617	4	3.1430916399003355
4618	3	2.3300131138548457
4619	25	12.557451407595007
4620	6	1.234327882839549
4621	5	2.2803257760231537
4622	2	0.22163578285805435
4623	6	3.2913217176772354
4624	6	5.290514162147875
4625	3	1.4861849193667078
4626	25	7.919309220904744
4627	5	2.740103242275781
4628	25	0.28729602930871756
4629	2	1.718446114368562
4630	2	1.3892478147086915
4631	4	3.934399026775253
4632	25	25.442522660691797
4633	6	1.1684248335320322
4634	3	2.399544558386107
4635	4	2.071651196827891
4636	2	-0.4933624427609843
4637	25	15.227211502269084
4638	25	20.286581210651747
4639	6	5.99753710136902
4640	25	16.5634783902164
4641	4	-0.29137178455113394
4642	4	0.3172233419868121
4643	5	0.4009883664562274
4644	5	4.040642524043472
4645	1	0.876036427553173
4646	2	0.6386673481179549
4647	25	7.409811243039252
4648	3	1.6510316244351546
4649	4	0.6662076297801421
4650	7	4.073742378590743
4651	4	6.584002872340904
4652	25	10.053588865213893
4653	3	0.8101422756326913
4654	4	0.9488694357697807
4655	2	2.1663989478538896
4656	25	16.256442607857085
4657	2	0.717763053674304
4658	1	0.8239592165010823
4659	7	6.196045174140736
4660	3	2.239268261628794
4661	25	12.134890073632587
4662	6	4.76505233796252
4663	3	1.5049551284494065
4664	6	5.865936521359988
4665	5	4.484608526813596
4666	25	20.864274991283455
4667	5	3.750679235988752
4668	4	0.5395432453295131
4669	6	5.040431535522514
4670	4	3.3696116949935178
4671	2	1.157059960151626
4672	5	1.6239743692977349
4673	25	10.393873268995094
4674	25	20.320153702974853
4675	25	21.911207167084346
4676	4	1.5459557018757757
4677	6	1.9100965380839048
4678	25	14.633233279617302
4679	25	16.46623970917146
4680	1	0.552082317077358
4681	4	2.446297228747116
4682	25	14.114060714111469
4683	5	3.3300237108242148
4684	4	2.4083875029307507
4685	2	0.6567849875473362
4686	4	3.1515845139263865
4687	25	15.326993433014039
4688	25	19.90302445186556
4689	25	16.21713191884516
4690	8	7.6357770516757935
4691	5	2.0321596355784326
4692	25	5.895650125744057
4693	2	1.9005827220150238
4694	5	6.18379181673353
4695	4	1.9955117611614517
4696	6	1.9605926634570916
4697	6	6.628446243685774
4698	3	2.4781473349615113
4699	3	1.2804912250384595
4700	4	0.8632785323472536
4701	25	5.07843268176551
4702	4	2.78312396109951
4703	6	2.756024551850255
4704	5	2.649715405461875
4705	3	4.044866277385513
4706	5	3.1517243303426548
4707	5	2.9956044475805705
4708	3	3.606166647833792
4709	25	4.9294877573967355
4710	3	2.6531443455259587
4711	4	5.420668856198761
4712	5	3.827008257198333
4713	5	2.6562741689909015
4714	4	3.8825671161722397
4715	5	0.6247344643490466
4716	3	2.0970800771375377
4717	25	13.843959884428433
4718	1	0.8239592165010823
4719	3	2.3451342829579307
4720	25	22.656362149970434
4721	4	2.6846344573638112
4722	6	2.536884869604618
4723	25	8.217211243518273
4724	4	4.425253461883789
4725	6	2.9168201890406684
4726	6	1.9585429286021498
4727	2	0.1763190728655353
4728	7	3.8548885824370727
4729	4	5.533555589148584
4730	25	17.36519409273115
4731	25	17.132875677166133
4732	9	3.310152227446041
4733	2	-0.20713109216528225
4734	2	0.5554416202508492
4735	25	10.744915017108799
4736	5	-0.8240767712625678
4737	6	3.29252083199784
4738	4	1.3980818225295497
4739	3	0.6002468484346574
4740	3	3.7075186929627124
4741	3	1.4950754685482832
4742	5	1.4473837196004662
4743	6	2.260936942164842
4744	4	1.2012610576038631
4745	3	1.2450925270117306
4746	5	3.9116397450625784
4747	4	3.9049910756042587
4748	25	-2.421129355507767
4749	3	2.904322558706925
4750	3	1.9246744277213403
4751	3	0.326305044937563
4752	4	3.7550215029868217
4753	8	2.0780422757369674
4754	25	15.996448001448396
4755	7	0.9346644794173717
4756	4	2.2943528157360915
4757	4	1.0242407012607413
4758	25	8.76611803005339
4759	5	2.150316250836141
4760	4	0.12882814478876958
4761	25	14.142697839459858
4762	5	-0.43823031277740254
4763	6	4.020604170280456
4764	25	10.02277800047002
4765	6	5.68269680558629
4766	5	2.5521956878496477
4767	4	2.8810869064120355
4768	5	2.2774618416499015
4769	25	14.775962103327787
4770	25	22.89442201863725
4771	5	2.1830939782860304
4772	3	1.7113381262392444
4773	6	6.056693048471518
4774	25	14.825926076583597
4775	3	3.8582464156491314
4776	25	10.32595283862496
4777	1	0.3352965926608042
4778	1	0.43777418349077435
4779	4	3.6877337934503505
4780	4	2.4125517065072124
4781	2	0.5400461542340569
4782	2	0.6410935057449152
4783	25	16.861762387700047
4784	25	10.774363453903177
4785	10	4.112399404139637
4786	5	1.2092543953817902
4787	4	1.6411385380640318
4788	3	1.9361877488172061
4789	4	2.650380584523616
4790	7	6.107531760237217
4791	6	2.9749513050890553
4792	7	1.486752018688071
4793	3	2.940945046017345
4794	5	3.729830651535994
4795	1	0.4744839888094055
4796	25	6.778561185150685
4797	25	6.204758260924928
4798	25	18.094936418348432
4799	25	17.975316422169236
4800	25	15.82421623493182
4801	3	0.908121527969036
4802	3	1.5470875069867673
4803	3	-0.18593573775246253
4804	4	-0.16011395513880883
4805	7	1.9603706048801737
4806	5	4.175034123638949
4807	25	7.4098220291957
4808	25	17.50801067947581
4809	6	3.8642029361667563
4810	25	24.775283067130623
4811	2	1.2113330202139772
4812	7	4.73861505211858
4813	6	2.0245185448354897
4814	3	0.9038261542311135
4815	2	0.8807978783542181
4816	5	0.8461794509118272
4817	4	3.3635928758289872
4818	5	4.54466874422476
4819	4	2.87980656433672
4820	3	1.9594977348536826
4821	2	1.5235081308329337
4822	3	1.2543023658129993
4823	4	1.4322692028530617
4824	5	2.8011413129303167
4825	4	3.4697000394518964
4826	4	1.4483067146222595
4827	25	14.061333450066348
4828	5	1.4765984721718621
4829	25	6.236380792632854
4830	4	0.3324121531642309
4831	1	-0.21666372294217823
4832	4	2.097773440316513
4833	25	11.22257710888549
4834	1	0.13505075181745743
4835	1	0.08658503104059692
4836	3	3.4515016032892243
4837	3	1.737952252605918
4838	7	1.6563658178819276
4839	25	6.036059428580857
4840	3	1.527436601276308
4841	2	0.06129313278287492
4842	1	0.27286045300663553
4843	3	2.309593957560483
4844	3	1.315416206720577
4845	5	3.2066698749425306
4846	2	1.2304988360632938
4847	7	3.2345392388284306
4848	25	26.90817385068384
4849	4	2.824663534629849
4850	6	3.6586364351163105
4851	6	5.198625673614181
4852	3	0.6779370347227367
4853	2	0.14105254275965032
4854	25	9.11422933803658
4855	1	0.43777418349077435
4856	2	0.1041873301545932
4857	7	9.941168197934976
4858	2	1.2781567969325232
4859	3	1.927488956001661
4860	4	6.216445857799744
4861	25	11.770666262277544
4862	25	5.5719103271688315
4863	3	1.6713978094954296
4864	4	1.0945311585529092
4865	8	10.546478874333157
4866	2	0.8807978783542181
4867	2	1.3365240421170208
4869	3	0.07503044879468956
4870	3	0.8043236255254478
4871	6	2.197650667708224
4872	6	4.29815462518416
4873	25	15.716107949317168
4874	2	1.702143991166955
4875	4	2.794067925770754
4876	2	1.667232129563808
4877	3	4.3386157954080815
4878	25	11.103516284652487
4879	6	4.6269761119336925
4880	25	17.76672164952776
4881	2	0.8097805814702097
4882	5	2.393770459376939
4883	4	2.7940242551155334
4884	25	31.76499438327423
4885	8	5.939546869488545
4886	4	2.842062188049641
4887	3	3.3555057463623204
4888	2	2.3524404301777446
4889	25	17.111199060126054
4890	3	0.6306652423290456
4891	2	0.6705931853216084
4892	25	12.712294471313042
4893	25	10.499800063954726
4894	5	3.790806179459676
4895	25	19.620757235827615
4896	2	1.1193154924180715
4897	5	0.7748196976549457
4898	25	12.255297061722986
4899	5	5.271384823408931
4900	25	10.451287638098874
4901	5	3.060800834170702
4902	3	-0.38185625126617945
4903	4	0.8697010282857385
4904	4	1.7042469896382741
4905	2	0.9397129128294666
4906	6	-0.03464687704475372
4907	6	3.043499260279702
4908	5	1.9706264634638133
4909	25	26.79526365999284
4910	7	2.132764712580447
4911	25	27.092727857467835
4912	25	17.202453141726146
4913	3	0.32735827079417873
4914	5	1.1649085828098364
4915	3	0.36794396739858554
4916	25	11.035603435917842
4917	25	23.69826256488001
4918	25	11.655581469712093
4919	3	1.3758555445896614
4920	4	4.32865632854041
4921	25	29.317539335880014
4922	25	10.10565681172006
4923	1	0.5125648256159385
4924	2	1.2113330202139772
4925	5	1.2029403117382587
4926	25	5.516255040179401
4927	9	10.482960501187407
4928	9	5.012565547012552
4929	25	2.2918510057552703
4930	5	1.6969631821756104
4931	4	3.5761383520980154
4933	4	4.259471214240604
4934	3	0.7668799211611383
4935	5	4.075300416877592
4936	5	4.812631188027878
4937	5	2.245084581466548
4938	2	1.091054785282254
4939	4	2.017798150555017
4940	3	1.4844652611382174
4941	3	0.059861881952724835
4942	6	1.1455718915087054
4943	2	0.7460915559131207
4944	8	3.3116829236596956
4945	25	16.11832105766302
4946	25	8.33224835380119
4947	3	2.9697953119708713
4948	5	3.7217624212628575
4949	6	4.2099270138951255
4950	3	0.6742157567197282
4951	4	1.7506273475780278
4952	25	12.595486508342493
4953	25	16.71456444845789
4954	6	2.247188055524324
4955	3	2.307366215508093
4956	3	2.3344597265640865
4957	5	3.785447573323217
4958	4	1.6363718808174177
4959	7	7.267917146066945
4960	25	17.780068361751997
4961	2	2.028634257755905
4962	5	1.0377362531572099
4963	6	5.477968904293981
4964	25	6.0889622965916494
4965	25	13.219869141069644
4966	3	0.9024610994500308
4967	25	11.878981294386287
4968	10	7.634821003917523
4969	3	0.6361994739699953
4970	5	5.014637957445382
4971	25	5.987621474192595
4972	25	16.855253937619825
4973	5	5.6666864618920965
4974	2	0.9626214585937699
4975	25	16.107399809548486
4976	6	6.554986004626281
4977	1	1.046691077647443
4978	25	27.10644694988454
4979	25	12.688411037938083
4980	5	1.8974472527359862
4981	25	22.462757568546063
4982	25	10.868210227873345
4983	25	5.50539408236751
4984	6	1.373028649488617
4985	25	19.958372677856687
4986	5	2.3958059767041773
4987	4	4.177652969839761
4988	6	1.8021948069618
4989	3	2.876652233326814
4990	25	9.927212521091464
4991	25	4.323376849085558
4992	4	0.37288202630735423
4993	4	0.22118283331179733
4994	3	1.0889451783201718
4995	2	0.7392908845899275
4996	7	2.324898291252282
4997	25	16.527811677435977
4998	1	0.24327906486489853
4999	4	4.320174714737668
5000	25	7.308660117806
5001	3	0.9305809878595742
5002	25	2.062616363391845
5003	6	2.2538564564467527
5004	7	5.084914774635199
5005	5	3.1922110397670047
5006	3	2.031305450868888
5007	4	1.5600549866295088
5008	3	1.2443339521015955
5009	1	0.7740167308351888
5010	4	1.6686171427397143
5011	4	1.7222864513462948
5012	25	16.014397462740643
5013	3	2.9195303434606465
5014	25	12.699174199470574
5015	2	0.1103688825041832
5016	6	0.5075621219753941
5017	5	-0.24594264934075558
5018	3	-0.04886056575564046
5019	6	5.656036557425549
5020	3	3.1700549282476707
5021	2	1.5039715748664952
5022	6	6.632889985999146
5023	4	2.599934273383089
5024	7	6.78877594396749
5025	4	3.6596981414098506
5026	25	3.399617928430286
5027	3	1.7268895422072372
5028	3	0.49906731627364925
5029	2	2.9577034070884447
5030	2	1.5500336963562473
5031	25	4.830068974422469
5032	3	2.65906918525216
5033	3	1.037514630993814
5034	2	1.5803282734694377
5035	4	2.1663894931646106
5036	3	-0.2063309854730083
5037	8	2.1428034133133482
5038	1	0.7740167308351888
5039	5	1.857779329465694
5040	4	3.5428926596566166
5041	7	4.740780212356724
5042	5	1.4280079278356859
5043	4	1.672154915198102
5044	1	1.4744108970798904
5045	2	-0.05646782656576976
5046	7	2.819791278122275
5047	8	5.040999831486352
5048	3	1.7501289946408276
5049	5	2.166053896034444
5050	4	-0.035852192961714636
5051	25	4.852625290729434
5052	25	19.212206752677993
5053	3	1.8376820171561654
5054	6	3.340657597193321
5055	7	1.7277458062755113
5056	2	1.702143991166955
5057	5	2.969633559787038
5058	25	13.65120366982736
5059	3	0.7353516335075271
5060	3	4.930697446028941
5061	3	3.6004445642099303
5062	25	30.25588073236458
5063	4	1.0537591093945755
5064	25	10.682518034095281
5065	4	4.445450707410338
5066	2	0.24541963432164063
5067	3	1.6874160348644873
5068	5	0.6036306129018318
5069	8	1.5837766218535623
5070	25	3.5012519551394368
5071	25	7.8912478807705755
5072	3	0.875149316953533
5073	7	5.672062289193049
5074	3	2.1457270731694487
5075	5	2.3200182386322763
5076	6	4.063360433529931
5077	5	2.6627630037958268
5078	25	-0.5704936610082194
5079	6	6.424622085763518
5080	25	10.289243025382525
5081	3	0.7473444418160411
5082	7	5.23328804500957
5083	1	0.4744839888094055
5084	4	1.2061400899369064
5085	25	1.8148612398994755
5086	25	17.948848207518616
5087	3	1.5829650028391749
5088	4	0.08136020232909004
5089	25	5.0236910893933375
5090	3	1.417396825833503
5091	7	7.665727880261821
5092	5	4.798924898563651
5093	25	13.599725068200435
5094	8	5.371960706823066
5095	3	1.266328484607344
5096	25	13.904768892412415
5097	4	1.014897740015274
5098	4	2.7151567143681454
5099	4	1.6940648484567065
5100	3	3.0545839289813097
5101	25	2.156233042027423
5102	25	-1.7455925262607441
5103	25	10.251124078952452
5104	6	4.473128027158792
5105	25	9.876021894354825
5106	25	26.121747329070118
5107	3	0.03042971112001068
5108	5	3.210767039430136
5109	2	1.0734968568997119
5110	25	15.68230350335281
5111	5	1.2249396413198232
5112	7	5.647744046232313
5113	6	1.6563110831074204
5114	7	1.274171724820846
5115	25	17.869055686422364
5116	5	4.466915629429945
5117	2	0.5028066893130745
5118	25	20.921998749144112
5119	3	0.9824362603942369
5120	25	27.77710360486314
5121	7	6.068015028031182
5122	7	2.450226740053135
5123	2	1.3671252331062314
5124	4	4.726742594508956
5125	2	1.3892478147086915
5126	4	5.035768764965854
5127	3	1.447709046210817
5128	25	19.14197965218702
5129	3	3.4613866197757193
5130	25	21.58564606350454
5131	6	6.514226467366003
5132	4	0.9535390387573628
5133	2	0.6388164923584018
5134	4	1.3618620747453665
5135	3	0.9602793436641481
5136	25	17.905675270136413
5137	5	3.7041938324029755
5138	25	18.57855950084703
5139	6	3.2343012819414096
5140	5	2.3684814008893524
5141	25	16.064576629285842
5142	3	0.8843462258382282
5143	7	5.736336795502266
5144	2	0.908583126415573
5145	5	2.1574576709476614
5146	3	2.521816854299051
5147	4	0.8052576123970946
5148	4	3.384043520671777
5149	5	0.9480385383576515
5150	7	2.891884503309713
5151	1	0.020402720652986595
5152	5	5.080803899631325
5153	3	1.1780136342084893
5154	6	3.926332249376131
5155	1	0.1103688825041832
5156	6	1.636222394158088
5157	25	8.845345547252347
5158	25	9.523110128957676
5159	5	1.650775363747373
5160	6	1.3508999105659654
5161	2	1.0482454111036925
5162	7	3.416301068017968
5163	2	-0.13022544560035226
5164	2	2.0673641577829147
5165	3	1.7450359969049305
5166	25	7.699870277359569
5167	4	4.759526882964516
5168	3	1.0141545361950075
5169	5	0.27767809434439084
5170	3	-0.13206883876843856
5171	25	14.221192870145384
5172	25	9.724358947915476
5173	25	10.630264339596893
5174	3	2.724541938516106
5175	1	0.13505075181745743
5176	2	0.18105787737334955
5177	25	15.378322511774378
5178	7	8.195447664597882
5179	2	1.3157350317743504
5180	25	7.695022090627967
5181	25	31.29850714494376
5182	5	0.23319793110660963
5183	6	4.1019736396144095
5184	5	1.461476995166947
5185	6	3.560873584071926
5186	5	2.9070828099839043
5187	25	13.501547903809147
5188	25	13.651015968846785
5189	25	16.462028758744037
5190	25	27.969250173339088
5191	2	1.500091210690354
5192	5	5.8625385320693475
5193	4	10.183698842693534
5194	6	1.9591214540357182
5195	3	2.2059468868093295
5196	25	24.001819964094107
5197	6	4.108234909630178
5198	5	1.732167097487137
5199	2	1.3191829821262075
5200	25	5.958955275504917
5201	7	8.291018310064635
5202	3	0.5322505062055843
5203	25	18.280154295337432
5204	5	3.695853471862339
5205	6	3.5424358224451886
5206	3	0.21294475231598958
5207	4	1.641353913374735
5208	25	15.388083477132023
5209	4	3.013067646872418
5210	4	4.9850129495422415
5211	6	3.707014151899856
5212	4	0.17933380868806414
5213	25	3.617614577979531
5214	4	4.134005716240442
5215	1	0.0
5216	4	0.6491883278223622
5217	6	5.779345091961134
5218	3	2.597631758125699
5219	2	0.5991498566565354
5220	3	1.664108885455902
5221	25	1.9696993781666572
5222	5	1.9741852266554236
5223	4	-0.10367265206599868
5224	25	16.769449707979646
5225	25	15.658542819737256
5226	5	3.5111159375186873
5227	3	2.6011999632041243
5228	5	2.712247277624609
5229	2	1.2263347019651276
5230	3	2.3979012884566506
5231	2	0.2236764509041859
5232	1	0.3035198996975976
5233	3	1.1834047005483148
5234	6	3.7747496246251435
5235	7	1.7179812504729302
5236	25	8.974834023700467
5237	25	15.267430950602572
5238	4	3.7324349949413103
5239	5	3.2122296651344913
5240	4	1.9116805641160348
5241	25	14.779690588345254
5242	4	1.1549226891580462
5243	5	4.817499668047769
5244	25	22.086656971644988
5245	5	1.4395362352876708
5246	1	0.3682330527382796
5247	7	3.603350579335061
5248	4	1.972509339022974
5249	4	0.6434924884241213
5250	5	2.6894830678168637
5251	25	19.752030586638877
5252	25	14.816833863156045
5253	5	1.685358425765398
5254	6	2.7278355828483254
5255	4	0.6783964484417968
5256	3	2.400842944124986
5257	3	0.04242231468251298
5258	3	3.328931497605162
5259	6	4.440401329815609
5260	6	2.8309431261470523
5261	2	1.7178889300912379
5262	3	1.573935898131908
5263	7	0.9637965006251619
5264	25	17.056460798903842
5265	25	10.869366926590025
5266	25	9.749954023282775
5267	25	14.105455701026225
5268	2	0.917658635543412
5269	25	20.94161805082792
5270	3	3.325906289743962
5271	6	3.229469975680597
5272	9	9.679327746505331
5273	3	1.7047570948553004
5274	1	0.27286045300663553
5275	4	1.854910675043692
5276	3	0.6232720566386776
5277	1	0.0
5278	3	0.4869971972716117
5279	5	6.168465026780459
5280	4	5.494457276418212
5281	6	5.48394134433312
5282	5	1.680544986858949
5283	5	-0.39139329706034554
5284	2	3.035807414116265
5285	25	6.359408607844802
5286	25	2.519933951382096
5287	25	27.341957434763856
5288	3	3.2325356561805876
5289	25	23.621096652273234
5290	5	1.3015372325804668
5291	5	4.213237171324805
5292	5	1.8286636891812655
5293	7	-0.071171278340013
5294	25	23.361029860740338
5295	6	5.568724738279003
5296	25	14.980767446377952
5297	3	1.192258358927578
5298	25	13.417201297571168
5299	25	4.312962747295516
5300	4	0.05710276424535493
5301	5	2.0092478436734287
5302	6	6.967482822013188
5303	3	1.060707891610896
5304	4	0.9240706081540704
5305	25	16.848967457369607
5306	3	2.7672530847340564
5307	2	0.26212174773884883
5308	25	7.986915833054464
5309	3	2.4954774703141593
5310	25	8.386553923434622
5311	4	0.7633463845606043
5312	4	0.6403830926019727
5313	2	2.559475570186349
5314	4	2.5685680250002743
5315	3	-0.3130162720274999
5316	2	0.42947914509766566
5317	7	2.03951863734942
5318	4	1.2305843311948383
5319	2	1.2238023273211198
5320	2	0.9284050949318468
5321	4	0.33295990954605864
5322	1	0.27286045300663553
5323	25	24.67159659375262
5324	25	7.078394965529637
5325	25	29.786606073850297
5326	5	1.461129534841299
5327	8	7.095754540945776
5328	25	16.927354973732292
5329	25	18.211109768776478
5330	6	1.8381674701265418
5331	5	2.6867458738976584
5332	2	0.052553529305567115
5333	4	2.1101544832625256
5334	25	12.456536167406721
5335	25	35.9391650163591
5336	6	-0.5038544729893057
5337	6	3.0440192325568853
5338	5	1.2819118137164693
5339	5	1.8907470773406743
5340	7	2.660073905794329
5341	4	3.1416681117687864
5342	5	5.404083181483693
5343	6	4.188893845582927
5344	5	4.152260133519624
5345	4	4.119599549918448
5346	4	4.825693242849988
5347	6	1.6789836737708161
5348	25	18.171243025204532
5349	25	26.315084129434968
5350	3	3.8082573776832542
5351	5	2.3428435000094647
5352	4	0.8883969845756914
5353	8	5.944095585680403
5354	25	23.583825635669417
5355	3	0.13238847653370958
5356	4	3.8522956807368036
5357	2	0.516139517871534
5358	25	20.390490914055743
5359	8	3.7865725978488642
5360	25	8.361192635780505
5361	4	4.999121840045216
5362	5	1.6594403485643205
5363	2	-0.12882308399959214
5364	4	1.692300695218999
5365	3	1.888606359194379
5366	25	19.77442336651593
5367	5	6.723201021987657
5368	6	5.797205233031527
5369	25	8.50879551496946
5370	8	1.2903472014815374
5371	6	0.2991711218126251
5372	25	23.211860124269023
5373	25	12.63463312036946
5374	3	3.0861261951052468
5375	7	0.2081876398432922
5376	5	4.120869880472512
5377	3	-0.27703018447026373
5378	5	1.1152231314926968
5379	25	11.693973557757127
5380	4	2.9081628137883833
5381	4	0.7322395813695408
5382	25	9.553293940489889
5383	5	-0.08470025039818196
5384	1	0.5931085022710425
5385	2	2.4794130247825468
5386	7	4.798541486958626
5387	6	4.160331569264945
5388	4	1.438453993008023
5389	3	2.0282867522507306
5390	2	3.08653760849851
5391	3	0.6099867736296016
5392	2	1.2614306501962758
5393	25	11.303292168003042
5394	25	6.619058581136251
5395	4	0.022707409173050634
5396	4	0.169007372897292
5397	25	16.114911654114227
5398	7	2.4841436383574234
5399	3	2.419797157581067
5401	7	-0.026700039991993052
5402	9	7.104024202371889
5403	2	1.326099047912547
5404	25	8.264646892551776
5405	25	8.673584258727468
5406	4	5.132062674210573
5407	3	0.8682641389297294
5408	1	1.4744108970798904
5409	2	0.057250739243790316
5410	25	15.780595489810308
5411	25	9.829957859301595
5412	5	1.4830924729227544
5413	5	0.32923379167540856
5414	2	1.4691449298242154
5415	25	21.144745034436898
5416	3	0.2575619112749645
5417	25	16.94165531250463
5418	25	18.107357905568765
5419	25	8.820663500656837
5420	5	1.5940475069958462
5421	3	0.7901146764396807
5422	5	4.24693143978869
5423	2	0.1951369585881202
5424	4	0.29268614782925206
5425	2	1.2442694802914527
5426	2	1.1544963471748184
5427	4	3.3954403065715795
5428	8	0.7940154916353139
5429	2	0.7412940831883719
5430	25	19.049129061816995
5431	25	16.3899956381658
5432	6	3.4776133900971806
5433	25	24.30360421560387
5434	6	7.182566194120092
5435	4	2.5372185204428064
5436	25	28.767346090150642
5437	4	0.6798126870018153
5438	3	2.0454620776530636
5439	25	14.35673672612424
5440	25	15.74629245928985
5441	25	10.706626981464543
5442	1	1.561149371308894
5443	4	-0.8311660887623542
5444	5	3.1625957339100017
5445	25	15.725809828630236
5446	6	3.5435183983180805
5447	6	4.704414915685225
5448	25	25.32864714536488
5449	2	0.4580186374137314
5450	25	6.663702303599567
5451	5	5.897782164425333
5452	3	1.1059051308631291
5453	3	0.09371961164294729
5454	25	16.58995643242745
5456	5	2.5789761003445375
5457	4	1.95003526504105
5458	3	0.9115278011245904
5459	4	0.670377723032023
5460	25	27.201964113223188
5461	25	25.794125110731635
5462	3	1.858804723493738
5463	25	19.824520606865583
5464	25	22.593302902417264
5465	6	8.05838365429219
5466	4	0.00356627791728141
5467	3	3.7872493937732195
5468	2	2.548369142507289
5469	4	1.191129670954552
5470	5	4.365389437854536
5471	5	0.8155828439655991
5472	25	9.688009892397293
5473	25	21.38419251108553
5474	25	16.885205473734974
5475	25	15.091971988947556
5476	25	17.472170129693392
5477	3	2.6285373313604605
5478	6	6.014187479539221
5479	3	1.193175822822273
5480	3	0.6639389612761
5481	2	0.5467989645624961
5482	25	11.200209613141974
5483	2	2.981444213107547
5484	25	21.138116067443683
5485	4	3.039300973097053
5486	6	2.773546688087983
5487	2	0.24541963432164063
5488	6	1.2672992908872842
5489	4	2.4721586893222356
5490	5	2.6420448923311697
5491	7	6.062374378624986
5492	3	3.2276783085702268
5493	25	5.692092477597258
5494	3	1.6614617061757468
5495	25	21.58219806454674
5496	25	20.700264334549953
5497	3	1.752364311432929
5498	4	1.324756144131852
5499	6	1.245117698467646
5500	5	3.2864405611471925
5501	25	23.84901184157522
5502	4	4.384358173478902
5503	25	18.16262776605985
5504	5	2.767059906742227
5505	1	0.5125648256159385
5506	25	24.457519750535994
5507	8	1.517363498960562
5508	3	0.21472918112816913
5509	25	7.428893806474488
5510	4	3.2080426469527
5511	25	22.75202340614648
5512	3	1.6101534793185168
5513	25	27.49944421253375
5514	25	5.162435363588491
5515	7	9.874972546482194
5516	4	0.9441494497715286
5517	5	3.0661762620164112
5518	3	3.9077618003726844
5519	7	2.9914616444531927
5520	3	1.9555292797937682
5521	5	6.513900855184985
5522	3	2.1021160134336054
5523	10	2.4016344658122124
5524	5	6.511494833865735
5525	6	3.483406372964435
5526	4	3.0191786261804627
5527	8	1.5918846682566827
5528	4	2.793379823485012
5529	25	13.447265914762161
5530	2	1.1478749279187581
5531	25	6.140708487225355
5532	4	3.3824093951106358
5533	25	24.6200146541334
5534	25	14.066335506829544
5535	3	1.2683268605054974
5536	5	0.05152715871663281
5537	25	21.901841636629985
5538	6	1.8193518918334386
5539	7	6.285530066605492
5540	3	2.7669130721147663
5541	4	1.5879555405527226
5542	3	0.8409461369791004
5543	1	1.3160706289045168
5544	3	1.5345938529984922
5545	6	1.9702605027943292
5546	7	4.4823388338372645
5547	1	0.7260744798551652
5548	25	22.960402644109898
5549	25	10.943830034488299
5550	3	0.8577133243202242
5551	25	20.504295574735142
5552	25	25.964721325394603
5553	25	16.39955519957701
5554	5	2.0425961729543722
5555	4	0.9862356134327517
5556	25	14.402633464122971
5557	3	2.33537019086104
5558	6	5.206528735087096
5559	25	15.879772829228742
5560	9	5.804760687519221
5561	4	3.7482122247294134
5562	5	5.38917187188896
5563	25	32.758067870884595
5564	3	2.605121750954261
5565	2	3.307668244475902
5566	5	5.504595411013614
5567	5	4.6084826387519895
5568	4	2.6305500415353413
5569	4	1.3952597253041366
5570	6	3.909595973277861
5571	5	2.6910295543564184
5572	2	1.747271350086526
5573	4	4.40278848403314
5574	2	2.7405583161257767
5575	25	17.455361633840724
5576	5	2.290846408194952
5577	4	2.9864686029610645
5578	6	4.985849862498765
5579	3	1.1176081960744608
5580	2	2.07292394271238
5581	3	4.206494748611932
5582	7	5.299026038153577
5583	7	1.5368350926951113
5584	7	3.484322762828825
5585	6	3.411259846275238
5586	2	1.4490665631114883
5587	4	2.1521225989102915
5588	6	2.263887670936086
5589	5	6.143635881583985
5590	3	2.1377698275450294
5591	5	2.8261215432003364
5592	3	2.0323269121262237
5593	25	13.013315481802149
5594	25	15.406718888421715
5595	4	4.247526928701735
5596	6	8.577078464277998
5597	4	-0.5047115636796727
5598	2	4.525342574213918
5599	4	1.1791782438762128
5600	25	16.35295378487567
5601	2	1.2304988360632938
5602	25	8.376911341084655
5603	5	3.1741935355658732
5604	4	3.117312342126922
5605	4	0.8612816255593706
5606	25	4.151774298964833
5607	3	1.732542342916655
5608	1	0.3035198996975976
5609	25	21.221004091567348
5610	25	10.449201990070318
5611	25	11.20651323309844
5612	4	3.8623595507058925
5613	25	18.542461478107068
5614	5	3.293786273786939
5615	6	3.7081713848288773
5616	5	4.532322943036146
5617	6	5.351418541454623
5618	4	-0.12460027069281233
5619	25	3.272163398094397
5620	6	2.011480169677822
5621	8	4.420204478645807
5622	5	5.730202782718061
5623	4	3.02015139117143
5624	25	11.468963867603158
5625	25	16.22172137072196
5626	3	2.638586992763716
5627	6	2.9872017730148728
5628	3	2.2472495463120135
5629	4	1.0902738503512293
5630	3	1.3942958997996033
5631	3	1.4846513673325987
5632	25	7.748854139918919
5634	6	2.521326846514251
5635	10	4.797087091580312
5636	5	0.4643702902596861
5637	4	2.4536704571818073
5638	2	1.4691449298242154
5639	3	1.7243557399419016
5640	6	2.996835322983116
5641	3	3.521987068219826
5642	6	2.6146624202644655
5643	2	0.5481430659949575
5644	4	5.122626364003504
5645	7	2.5022000717931525
5646	25	16.88023259377628
5647	4	3.6145572217517348
5648	3	1.860650800774618
5649	3	0.7399100035635306
5650	4	2.094800130957658
5651	2	0.7803170697836121
5652	4	2.3386836281838557
5653	4	1.4134924503940076
5654	3	-0.07141977469979516
5655	25	13.442446596797346
5656	6	5.270005888566031
5657	5	4.9878484513760055
5658	4	0.1184538469215875
5659	6	3.2111963924426696
5660	6	2.4582094751433097
5661	25	24.607663538415615
5662	25	2.2791603027350003
5663	25	28.14947197256374
5664	25	26.20292650380506
5665	3	2.581766850127212
5666	5	2.25713698726178
5667	25	25.577001547664445
5668	25	8.990755665195845
5669	2	2.7628696111338633
5670	3	1.4506208965677378
5671	25	23.812811292429423
5672	25	9.205753354288973
5673	25	8.270866239968807
5674	25	3.845710047051818
5675	5	2.6349973472566544
5676	2	0.717763053674304
5677	2	0.09840868796960625
5678	2	1.702143991166955
5679	25	8.049766108509072
5680	6	7.275297998799273
5681	25	7.73580989744733
5682	5	4.725636928863658
5683	25	20.769025297364458
5684	5	3.5781250603422077
5685	4	1.3246805759726819
5686	6	1.01531976604667
5687	5	3.3956343674134897
5688	25	4.583855561344047
5689	2	-0.2992776529540723
5690	7	2.6593525729764442
5691	5	1.7415151549860945
5692	9	5.366691114877618
5693	25	17.153124782513668
5694	6	5.729588750465627
5695	3	3.1715613582361977
5696	25	16.044043644865493
5697	7	2.32965258154885
5698	4	6.091854594293159
5699	4	0.45349874425955217
5700	5	0.38493947479537094
5701	4	1.1612268330013726
5702	2	3.9007933947776188
5703	10	8.427340171986552
5704	25	17.509736051489487
5705	25	8.246646558910216
5706	25	32.94477931102363
5707	4	1.2316622051716108
5708	4	4.426688224628329
5709	4	2.135047319916533
5710	5	4.8429032557908975
5711	25	0.6628723401227705
5712	25	26.756624203168936
5713	1	1.561149371308894
5714	1	1.3929115843469673
5715	8	3.018462813824784
5716	5	6.812115395369089
5717	25	14.82922253693936
5718	7	7.7100561584859575
5719	25	21.366416536367087
5720	25	23.593070934833605
5721	5	4.293181108140876
5722	25	3.873177718983837
5723	5	4.497544445286188
5724	25	13.100784010432871
5725	8	4.980930775653886
5726	5	0.8788649176172548
5727	25	20.774960263286385
5728	3	0.43429150285476736
5729	25	11.315859860925748
5730	3	0.7821218349400604
5731	6	2.486054899755471
5732	25	7.041442443909473
5733	25	6.04899877074503
5734	5	0.5307791323463369
5735	5	4.8787412856992205
5736	2	-0.03463251249774435
5737	5	1.2896448712303081
5738	4	0.8106812642155701
5739	5	2.975442968019887
5740	5	5.570063909903695
5741	6	2.1777025040757243
5742	4	4.400893512911711
5743	3	0.4775652674780744
5744	4	0.9039330610346321
5745	6	2.449063751791577
5746	2	1.8207078084826318
5747	4	1.3143555735629047
5748	3	1.2529552282042162
5749	4	0.6929056629259474
5750	4	3.566106624376715
5751	25	5.678768799772728
5752	25	12.02017210452369
5753	25	14.270952688695303
5754	2	0.8611252316726226
5755	6	1.6457784742979957
5756	6	3.612877366564167
5757	25	13.195553439405913
5758	25	19.305542885458625
5759	3	1.3794008367519315
5760	3	1.427356800181454
5761	25	14.954322825743072
5762	25	25.28588267471004
5763	5	3.8704810919128807
5764	25	4.599733033500017
5765	3	0.6365014205845254
5766	8	1.9554961346107826
5767	5	3.73723301671646
5768	2	2.0916083057287254
5769	25	5.697553713052485
5770	3	2.3279307913675775
5771	1	1.046691077647443
5772	3	0.8793154241017215
5773	25	15.280988188706537
5774	4	1.2682971051505143
5775	25	20.288223820767637
5776	25	12.814310154064454
5777	3	2.1996378933917358
5778	4	4.154130099578958
5779	6	2.7956838804704844
5780	4	2.070854246903562
5781	4	1.363967615076387
5782	4	3.287299918217685
5783	25	5.303334914181325
5784	25	19.242012376392413
5785	3	0.28036631874184725
5786	2	2.0673641577829147
5787	25	16.044427643662807
5788	9	3.4287163920891524
5789	25	12.420209229441454
5790	4	2.2576426496187105
5791	4	0.29697557410943703
5792	1	0.7260744798551652
5793	5	0.4984687119311385
5794	5	3.9321099115522644
5795	4	-0.015345036455960206
5796	3	-0.11074135477860092
5797	4	1.0571775927681655
5798	7	5.579284402789298
5799	5	1.4915477290775767
5800	25	28.85421595506771
5801	5	0.8581676772126863
5802	2	1.090776000102006
5803	4	2.836030435667827
5804	1	0.24327906486489853
5805	7	7.111547705130994
5806	1	0.3035198996975976
5807	3	0.10775035659187457
5808	5	3.0592266062720963
5809	6	0.07243063406787796
5810	3	1.7248918493232448
5811	6	2.674512431423782
5812	3	0.44183464676378364
5813	8	6.270375381191504
5814	25	10.325257635326414
5815	7	3.303636677456783
5816	3	2.3877955285152836
5817	25	25.99084039915898
5818	3	0.7024929776346953
5819	6	4.272807016559952
5820	1	0.1872085675125696
5821	7	5.430195456148374
5822	3	1.4703935992350088
5823	2	1.038098158872983
5824	25	11.496079744052297
5825	1	1.1090354888959124
5826	25	0.4478082864400552
5827	4	2.0692166305368827
5828	25	15.180755603447897
5829	25	11.698685100665351
5830	25	15.98090663343498
5831	5	0.883658799348694
5832	25	23.909598490539643
5833	4	1.221046858230041
5834	4	2.2865988785175775
5835	25	24.6235773707558
5836	4	1.7439935440346257
5837	25	14.401019535530043
5838	3	2.1457270731694487
5839	25	10.360927754302537
5840	2	0.20761128816555618
5841	7	5.298051361999605
5842	2	1.011167784013652
5843	3	2.9698347460196945
5845	5	2.5635003209969165
5846	7	2.08118320970883
5847	25	18.821396557126736
5848	5	1.558734913076955
5849	25	13.66400379271746
5850	3	2.940415678689078
5851	6	4.919894663820817
5852	3	1.9878078798470216
5853	4	1.0579168037555222
5854	3	2.0588495938811016
5855	4	1.8358694425919906
5856	4	2.466216903503514
5857	3	1.2442694802914527
5858	2	1.9770907062093341
5859	2	0.43777418349077435
5860	3	-0.46470070597693325
5861	8	4.837222480256787
5862	8	5.677288672897573
5863	7	5.351726141900514
5864	4	5.511565774198596
5865	7	0.49969551990215855
5866	3	1.883330054331182
5867	25	7.266809214123048
5868	25	11.798194833368871
5869	25	13.469086327506739
5870	4	2.3662872615007817
5871	5	1.3352779667618169
5872	5	2.1847941394690746
5873	2	2.897239063519783
5874	5	2.40485862666443
5875	5	2.1421679792560866
5876	25	14.12685810464662
5877	2	0.516139517871534
5878	7	6.260422329569311
5879	25	13.71510445368835
5880	8	7.097106153822845
5881	25	15.20778322927793
5882	4	2.162095135231021
5883	25	23.969609696647645
5884	3	0.5052417682746102
5885	25	16.54135766772526
5886	4	0.4060747910420036
5887	4	1.4410159322712004
5888	1	-0.03842049968329752
5889	4	0.08581800507813274
5890	6	0.11959024979209912
5891	4	1.4049891088219584
5892	2	0.4719125068504178
5893	25	17.30998741135434
5894	25	25.259699998413453
5895	5	2.9279640630835058
5896	1	0.0
5897	6	1.6168261136712159
5898	4	-0.17731598064949858
5899	5	2.476394157730938
5900	25	22.437081951268055
5901	3	1.80253496812828
5902	5	1.6266914325492716
5903	25	6.698722117906855
5904	5	3.9136655240479428
5905	3	2.452665039092382
5906	2	1.271445346817875
5908	3	0.26914367108926435
5909	5	1.8282209468972712
5910	2	1.3819876703082472
5911	1	0.6800123583654129
5912	8	8.604244207925664
5913	3	1.2056657410300724
5914	6	6.031042345417916
5915	5	4.4816564652706745
5916	2	0.7963778301293005
5917	8	3.3021678463004305
5918	4	3.4210769419590994
5919	4	2.0518487433940438
5920	25	35.70547916969045
5921	25	13.17438955119373
5922	25	15.143666336820093
5923	25	14.801510677037047
5924	4	2.299369908638837
5925	9	5.963687666543881
5926	3	2.1146757330242765
5927	4	2.8668637982966327
5928	6	7.287597308736989
5929	5	2.77634586225475
5930	25	4.094538889609061
5931	25	15.079325397095303
5932	25	23.337072588798822
5933	4	0.7343434738361839
5934	1	0.4023754854640454
5935	3	0.40770722985219077
5936	25	20.771217705010656
5937	7	1.9389529751505035
5938	3	3.6361389104381443
5939	7	3.3886749739350055
5940	3	1.4076845338523136
5941	7	5.708464161006228
5942	4	2.3846180570909126
5943	4	2.30903948269434
5944	3	2.226614876446196
5945	3	1.8033044965119314
5946	2	1.1763922162992342
5947	3	0.3966953843136437
5948	6	4.722061765189146
5949	9	2.8487289216973517
5950	25	12.967796434624262
5951	3	2.6300158756422047
5952	5	2.6101430946686177
5953	4	0.9611208111216107
5954	6	2.156313103073423
5955	5	0.9304885920956474
5956	3	1.0512854064148034
5957	3	0.7037829120344123
5958	6	-0.7447118921486686
5959	2	0.21900724808570088
5960	4	4.383269748701939
5961	25	18.256949663422027
5962	25	13.948199377330424
5963	2	0.822931240921507
5964	6	2.4035642701302637
5965	5	3.475437918989437
5966	3	2.4716850323366124
5967	6	1.8484750082698267
5968	4	0.4441026226669662
5969	25	5.851361768530945
5970	7	4.406647425118167
5971	7	4.691599853953446
5972	25	25.86986746340076
5973	25	12.672046241781965
5974	25	9.790041141237214
5975	25	18.81576582431015
5976	4	1.554237676744517
5977	2	1.2731208606364555
5978	4	1.939054384489503
5979	2	1.5560487859185859
5980	25	18.54179604409063
5981	25	7.012609889828942
5983	3	0.9763900984057194
5984	6	2.1097418833629233
5985	5	2.083612078025175
5986	25	18.397012378226783
5987	25	18.2297668342584
5988	25	21.352413889483437
5989	5	1.1853628982674729
5990	25	0.2183406025949537
5991	25	3.5660258431967082
5992	25	7.501930019116522
5993	5	3.9830837950908466
5994	4	0.42277928487623895
5995	4	2.4680941054097065
5996	25	13.443318586281118
5997	8	3.6740691142673665
5998	25	8.495294241392969
5999	25	16.83059695460753
6000	25	15.791429197076948
6001	6	1.051136910263439
6002	3	1.503905516872221
6003	3	0.8264099568820406
6004	25	14.266884176776074
6005	4	3.273457312158081
6006	9	8.513142023213192
6007	4	0.735842267293821
6008	1	0.0636764852762936
6009	25	5.788025562061773
6010	6	2.8759107062299156
6011	25	13.602853985095654
6012	5	1.3497524994441537
6013	6	1.0771198351454627
6014	3	2.174479632863661
6015	4	2.3015120193399365
6016	25	18.99771033558555
6017	7	5.776403092124547
6018	3	0.9132911953907615
6019	4	0.888333693505875
6020	25	21.515493166574792
6021	25	14.968313270587167
6022	5	2.1931014819108454
6023	4	1.0604249608637002
6024	1	0.552082317077358
6025	25	4.216217271088429
6026	7	2.651240821743945
6027	6	3.9907466273595142
6028	2	1.3191829821262075
6029	12	2.948476747618253
6030	3	1.752895901826624
6031	1	0.4023754854640454
6032	2	1.6999956440542552
6033	25	13.315435507394545
6034	3	4.144412993302327
6035	25	-2.4224434021882444
6036	25	16.770898385903674
6037	5	6.27274854583211
6038	7	1.7426167502266963
6039	4	1.3104851828267026
6040	7	2.396954718292202
6041	3	0.6180948891693029
6042	5	3.0993696319596493
6043	25	5.177745019516751
6044	7	4.586569894284038
6045	5	2.8761586954880736
6046	25	14.247426220811919
6047	7	0.771379911648247
6048	3	3.477798642262771
6049	5	2.9304839199835864
6050	2	1.6564741084170564
6052	5	2.27285080266999
6053	1	0.1872085675125696
6054	25	9.029520446237871
6055	1	0.6357226734089375
6056	3	1.2026432428979055
6057	6	4.222568088610624
6058	3	1.1655419217637106
6059	6	5.035553312335865
6060	25	13.677460236255271
6061	25	27.23321167250953
6062	4	0.29327534503853087
6063	4	3.600226834960803
6064	6	3.38707283244662
6065	4	2.3975839114498294
6066	25	6.592406535353259
6067	5	0.0696965705696374
6068	3	2.9304780090576297
6069	5	3.6245329086367626
6070	25	14.522448810677485
6071	25	25.912030367484096
6072	6	3.4698184786866633
6073	5	4.360484032215461
6074	3	1.9774430222800685
6075	4	2.228628815914065
6076	3	-0.5737344027838638
6077	4	0.17891783624639312
6078	25	35.17012557928215
6079	6	2.5842115607690226
6080	25	12.496833208141307
6081	25	19.22818806968677
6082	2	0.8401496689548198
6083	2	1.090776000102006
6084	5	5.263589777981908
6085	3	2.0513677164333095
6086	4	1.5534049888834969
6087	3	1.8362811420735081
6088	3	1.957164134649432
6089	2	-0.11293565313153953
6090	4	0.5424117264788173
6091	6	5.718705004047881
6092	6	1.5487453468569217
6093	3	1.4089481954831966
6094	7	3.315457690652329
6095	2	0.6229337081201217
6096	4	2.927315685815155
6097	2	1.6229424446073328
6098	4	1.2520352525581562
6099	5	5.494119079091492
6100	4	2.9848928674180155
6101	1	0.43777418349077435
6102	25	7.814831474777183
6103	3	3.9293730235960487
6104	25	16.868430257260503
6105	5	2.5786316805533667
6106	4	3.0920873744315482
6107	3	1.025827604147132
6108	3	2.5239548605553375
6109	6	4.173894541407981
6110	7	4.077500828303494
6111	25	23.019634333200678
6112	4	4.609272505185823
6113	2	2.831482265409539
6114	3	1.2599092674319796
6115	25	22.565960909299307
6116	5	4.189517145586458
6117	3	1.1694888549752755
6118	4	2.712229183915361
6119	25	8.620846881700913
6120	7	1.4213565498385294
6121	25	7.807300786515946
6122	25	16.890245123077914
6123	4	4.876317596989549
6124	1	0.27286045300663553
6125	2	2.4905788710643755
6126	4	0.4240012911314766
6127	25	9.87566886818509
6128	25	14.942301209010038
6129	6	4.942870295021834
6130	5	1.8527374081524184
6131	2	0.6705931853216084
6132	4	1.7569289009293891
6133	4	0.8442277041072821
6134	25	6.7341427123905255
6135	25	13.195326631940134
6136	5	0.751609660863383
6137	5	6.487275281565282
6138	4	1.0679175629869144
6139	2	0.9284050949318468
6140	5	-0.3329386122499025
6141	3	-0.01925512824401142
6142	25	8.544445208731926
6143	7	5.4169787988786675
6144	5	3.4767095883448955
6145	5	0.2281356383251747
6146	1	2.105407785554374
6147	3	0.7757587679815439
6148	4	2.3488459676894466
6149	25	11.566560616877947
6150	1	1.3160706289045168
6151	1	0.4023754854640454
6152	25	17.390055291371976
6153	2	1.6870730677757972
6154	25	8.007977197350968
6155	6	4.156864059323992
6156	25	25.39875374105612
6157	3	0.2893448468624763
6158	2	0.13505075181745743
6159	5	3.231548410510888
6160	6	4.023091006131166
6161	3	0.8046574051068528
6162	6	-0.6323442572092077
6163	4	1.4736744625917209
6164	4	4.2270021845725765
6165	4	2.9877643406547802
6166	25	1.8421145281104874
6167	3	0.1523143918819502
6168	25	25.878067659479264
6169	3	1.2430430005498212
6170	25	25.050726920699056
6171	9	4.162017872648717
6172	25	4.413035726448489
6173	2	0.3886357733912662
6174	4	2.9157328492084025
6175	4	2.6510259068587163
6176	3	0.9175027936292904
6177	4	3.365691959378446
6178	4	2.077871831564546
6179	5	3.98699626927362
6180	3	1.0069972844728232
6181	25	17.60595505715268
6182	25	24.140136479138597
6183	6	2.203941881401961
6184	25	7.17345758387561
6185	25	6.9723456063294424
6186	25	11.318226327163806
6187	6	2.344283888281963
6188	2	1.6500531583883618
6189	3	2.068347711365826
6190	1	-0.07375761903458251
6191	25	17.806573355133963
6192	4	1.447270003952919
6193	5	4.210562731003477
6194	4	-0.41282472338363074
6195	25	13.1390839241905
6196	3	2.219314446641166
6197	2	0.8078480748198753
6198	25	11.596477248783664
6199	4	3.5967099104691975
6200	1	0.3035198996975976
6201	6	3.0243226672716923
6202	3	1.6838845023730484
6203	6	5.177935665243249
6204	3	0.8572568603127383
6205	6	2.3974659335539195
6206	2	0.26681066071356396
6207	3	0.6872175577067696
6208	25	14.48262320574915
6209	8	1.208364643276644
6210	5	2.820447046347761
6211	25	1.8579107627265539
6212	4	1.0657871469634577
6213	5	1.8689587613926426
6214	5	3.2776922685656666
6215	3	0.6789146289667933
6216	25	7.19980409768038
6217	25	10.748995680907985
6218	25	8.904745911594778
6219	6	2.6413294721916727
6220	4	2.7757117469446797
6221	2	0.5610690198500025
6222	4	1.8510862045100434
6223	5	1.6584894125815322
6224	25	18.06944678873823
6225	5	4.2316426535780485
6226	25	9.525351572610873
6227	3	1.3053293266983328
6228	5	0.26411875866854584
6229	1	-0.2644492504754384
6230	5	2.758731575125061
6231	5	3.0470255495003262
6232	6	3.278459724674731
6233	8	8.329654921612269
6234	3	1.0210688039670166
6235	25	14.464141829360338
6236	25	7.431164837818628
6237	5	1.3662615962387425
6238	8	6.665877345887375
6239	2	0.3594454840472324
6240	4	1.8136009736986363
6241	6	3.731294580600904
6242	25	8.816484663460638
6243	2	-0.0321354110443435
6244	5	-0.26814934176337946
6245	25	12.528496442229857
6246	4	1.1579476218239408
6247	25	22.347160489253294
6248	8	1.1776465074482134
6249	25	13.279233774339877
6250	2	0.6347307102612815
6251	1	0.876036427553173
6252	4	1.7617728016835892
6253	4	1.7100663349470964
6254	6	2.161330516960797
6255	3	1.7167039426389488
6256	25	23.92596408890421
6257	5	2.110519412156047
6258	3	1.2599092674319796
6259	4	3.4612321460878395
6260	25	17.410042941304564
6261	2	1.4997845968143337
6262	6	1.5783159710343508
6263	4	2.0681255509629
6264	6	5.100364069479124
6265	2	1.2731208606364555
6266	6	8.951227606109143
6267	3	2.457943155142901
6268	2	0.948967977618811
6269	25	6.594494534296261
6270	6	2.4874069610765606
6271	6	2.976659851667888
6272	8	5.7865198500343205
6273	6	0.9089125411772373
6274	25	18.18197410977472
6275	7	7.885852653578857
6276	4	2.055226217065183
6277	4	2.3707096655058018
6278	25	8.705343927043277
6279	6	2.7061736429580026
6280	25	14.251818536307084
6281	3	-0.37474583857206856
6282	4	1.1924901619037263
6283	6	7.507487983887185
6284	4	1.660886557387331
6285	2	0.8755483669815487
6286	2	0.8363875671359411
6287	2	0.806007236229054
6288	25	31.382129205750253
6289	25	7.544843488599345
6290	4	0.09434368382048208
6291	25	8.485439011035686
6292	4	2.2954525926326106
6293	3	0.913286441131839
6294	25	15.995717430088511
6295	3	2.8557934659851787
6296	25	20.066918017796436
6297	3	2.4021439015841177
6298	25	23.587774342838056
6299	6	2.3715696959607184
6300	3	0.39509511004370096
6301	2	0.6624511995815412
6302	8	4.662724079619744
6303	25	9.687813634476166
6304	2	-0.23628936937240386
6305	1	0.5125648256159385
6306	5	6.146068332869119
6307	25	3.6845659190473055
6308	7	1.397609217335142
6309	5	3.941786938277024
6310	25	0.975334301416139
6311	5	1.7954673703209267
6312	25	24.621704117705992
6313	9	5.455423312545364
6314	4	4.2787124405654735
6315	2	0.7963778301293005
6316	5	1.9031394263580572
6317	25	8.091232043125176
6318	25	13.052166320545682
6319	5	3.309716522966214
6320	4	0.872010309663171
6321	6	4.713280636518238
6322	3	0.9817442756623087
6323	25	11.889281394029629
6324	5	3.5313279054383093
6325	2	1.5308102014533496
6326	6	5.703951865635862
6327	4	-0.5170249179009112
6328	1	0.13505075181745743
6329	25	2.8134764815549804
6330	9	2.091097508390305
6331	25	3.772910034724494
6332	25	6.2743446258387525
6333	25	8.764599231935739
6334	1	-0.03842049968329752
6335	5	3.6557823343250346
6336	9	4.892007873629891
6337	2	0.879001738273836
6338	25	7.273580787825551
6339	5	2.6852098359971697
6340	4	2.930808451589546
6341	4	1.973309270867281
6342	6	2.0607675550059605
6343	4	3.245963116745261
6344	4	2.4928616755529975
6345	3	0.9673829093948151
6346	2	1.148287499024876
6347	4	3.090005330271874
6348	25	3.656268830341616
6349	4	3.2217158393321337
6350	4	1.7026988119602464
6351	25	17.77803456323218
6352	3	1.6296189476101444
6353	5	2.3262324317920258
6354	4	1.9697897206532216
6355	7	3.5349254795436207
6356	25	14.898529272928355
6357	2	0.8611252316726226
6358	5	3.6060697771275336
6359	4	1.8969295994842115
6360	5	6.754575271855161
6361	2	1.4540290892006018
6362	3	3.228381500872702
6363	25	8.139082190353816
6364	6	1.1425029164295701
6365	6	1.4289980420636503
6366	25	19.595290703676977
6367	5	3.5195593503955735
6368	6	2.3798486163852806
6369	3	0.9524116506736824
6370	25	9.194040461606509
6371	1	0.4023754854640454
6372	6	4.840972264344603
6373	25	9.667409076746647
6374	4	2.1352303562201222
6375	5	7.354302127947058
6376	7	4.9814925707787925
6377	2	1.1451908193484006
6378	2	0.022019594029526385
6379	25	16.719766549027273
6380	25	12.86130017918051
6381	1	0.43777418349077435
6382	5	3.603065990710715
6383	2	0.6892235613582384
6384	25	9.642274225423087
6385	25	13.087325209296576
6387	5	1.7726867221490508
6388	2	2.0900873597397056
6389	4	1.423749316316595
6390	6	5.531889185472725
6391	25	13.400070213517747
6392	3	2.4605040754274152
6393	5	2.5061279704243344
6394	5	8.06265554563016
6395	25	8.192030568029619
6396	4	3.6337987834442536
6397	25	2.4765411461170475
6398	7	4.0252196843988415
6399	5	5.031862853596156
6400	25	6.855920782866277
6401	25	11.725783274096159
6402	2	0.6386673481179549
6403	25	25.926646347018455
6404	6	2.5538420395317902
6405	6	3.1609178010930483
6406	3	3.7433589089800305
6407	1	0.3352965926608042
6408	3	0.7598050133768984
6409	4	2.2565490841783484
6410	8	1.5753884559734779
6411	9	4.350425240674787
6412	25	11.545553247933581
6413	25	12.880075675329401
6414	4	5.026892022753503
6415	4	0.59730217372564
6416	4	1.6885481360486823
6417	2	0.8427170415476851
6418	4	2.9011605862461716
6420	25	22.605673516138626
6421	3	2.376212481491764
6422	25	25.829448468509863
6423	6	7.217860688855717
6424	5	0.10410837439522294
6425	25	14.395585581155183
6426	4	2.24928227825163
6427	5	2.2185613436385694
6428	4	0.8907382129116534
6429	25	27.424069583633354
6430	25	9.021806150786528
6431	25	24.748949441539587
6432	5	4.8134924406974635
6433	7	6.919539475196513
6434	25	13.390767315313171
6435	25	17.04457714585822
6436	25	17.722526842969987
6437	7	4.295856523120682
6438	25	13.871526747022804
6439	2	1.7132942510535605
6440	4	1.2516522662335676
6441	7	4.164943997182729
6442	3	3.21288436241883
6443	1	1.9775021196025977
6444	2	1.016984659602488
6445	3	1.6400439418146184
6446	25	11.854179676524538
6447	7	2.61957049899632
6448	3	0.47634913542045454
6449	6	1.9640035518871062
6450	5	4.015872603948749
6451	4	2.612915226457428
6452	5	1.583086157292017
6453	4	5.20401984890896
6454	25	21.287990218529476
6455	4	2.3532350206775603
6456	6	2.83987750491171
6457	5	4.212134288411334
6458	3	1.3821998739170893
6459	2	1.3191829821262075
6460	5	1.9764566377478994
6461	4	1.2186397531298716
6462	2	2.379908602093116
6463	25	11.81842091118935
6464	25	10.267719478926285
6465	3	1.4547588430932625
6466	7	2.4603738220791542
6467	2	1.3886012531691114
6468	25	8.594514770512902
6469	25	23.030930345932624
6470	4	2.12772140457623
6471	8	5.249912788465441
6472	4	4.0793474131185405
6473	4	0.7521658098303357
6474	6	4.085916217357695
6475	25	13.878267624077285
6476	25	23.64744354395676
6477	5	2.6001023637696776
6478	3	2.024707161155336
6479	5	1.0358551043920023
6480	5	2.0023873563888275
6481	7	2.548608454392709
6482	6	3.9882767887133705
6483	2	0.9710192660697416
6484	2	1.5560487859185859
6485	2	1.2113330202139772
6486	3	2.748835068814398
6487	3	2.309593957560483
6488	1	0.4023754854640454
6489	3	0.8564604384173039
6490	7	2.520461644764754
6491	25	8.86751495475061
6492	25	20.920044029078223
6493	3	2.6902395934003187
6494	5	4.450089228099138
6495	25	15.084376966846246
6496	25	15.855767210893436
6497	1	0.3035198996975976
6498	2	0.9989349328618007
6499	5	3.949344212500768
6500	5	0.8182502090605319
6501	7	1.8646922291923274
6502	4	1.5387924685936587
6503	4	0.9546768483146995
6504	7	0.934531992137852
6505	3	1.735358285844511
6506	7	3.443942893277332
6507	2	0.6456545503289439
6508	4	0.6044086543613871
6509	3	2.631805660678867
6510	6	5.591195851564657
6511	3	1.6906971559736208
6512	5	2.1439175085885798
6513	7	1.7135229323935284
6514	25	12.50175007989002
6515	5	4.212133934148305
6516	3	1.2599092674319796
6517	1	1.1090354888959124
6518	5	2.6626230900295678
6519	5	2.6229748706456832
6520	25	8.328142562313317
6521	5	2.0302265558615415
6522	5	1.1217162512971108
6523	25	12.821472645066526
6524	25	15.263297462846372
6525	7	3.435342656791825
6526	3	1.856404574664647
6527	3	0.9088024809711341
6528	4	1.873188181187686
6529	3	-0.030458132357585793
6530	5	2.5390336708432217
6531	5	2.244625057899677
6532	3	0.6805309983044194
6533	4	4.041249161518633
6534	5	2.5003564298504606
6535	1	0.9303996285618912
6536	5	0.8217578491305841
6537	25	9.050833647748458
6538	5	1.7868022842286866
6539	4	1.11721086686102
6540	7	3.5148144810344677
6541	25	6.6097400869559895
6542	7	2.5686240555693933
6543	2	0.7035296453990838
6544	6	3.0795419858933117
6545	25	30.33148692580682
6546	2	0.32225931933002705
6547	4	1.8912823752615213
6548	4	0.30909611959793426
6549	3	1.5651771656233608
6550	25	11.317113684155556
6551	25	21.647908186098043
6552	25	17.051347833163906
6553	2	1.0654503803793487
6554	4	2.8732900723178822
6555	4	0.7083377905638347
6556	25	23.51934283097342
6557	1	0.43777418349077435
6558	6	1.2330711408973067
6559	25	5.847018320771639
6560	3	2.376815027860836
6561	25	28.471105927347484
6562	25	11.204135959643972
6563	3	2.058849593881102
6564	4	2.9073418784220615
6565	2	2.4616306682782856
6566	25	18.92281419162829
6567	25	8.750605969577242
6568	25	13.31572802041736
6569	25	22.446772366753414
6570	25	17.97906955226269
6571	25	12.246036397305126
6572	2	1.3225163638591995
6573	12	11.491792673795043
6574	25	4.932732747147239
6575	3	0.7033480853841036
6576	5	3.447613684443648
6577	25	17.27072930520076
6578	3	1.6862435190427283
6579	3	2.6715234528411917
6580	5	0.974174911206695
6581	25	14.66796361377848
6582	3	5.956856898208997
6583	4	1.1146720789903066
6584	4	-0.2854228965572396
6585	25	15.572028848388037
6586	5	2.8029008944556044
6587	4	2.0880004118543427
6588	4	2.512316052454632
6589	2	1.9054764099629058
6590	6	2.6827107782212516
6591	7	0.9081468988077743
6592	5	2.767931614352297
6594	6	2.5578565227983128
6595	5	4.823027061235903
6596	25	9.672556784413606
6597	25	14.183023254486226
6598	25	19.54404271845489
6599	1	0.020402720652986595
6600	6	3.6048673498443375
6601	5	-0.026463094551897354
6602	5	1.8416290068161718
6603	25	17.089548459296804
6604	5	-0.5466295838524882
6605	4	-0.58727648842066
6606	3	1.1917304062532645
6607	5	2.0447702888290404
6608	4	1.645742787869999
6609	5	3.393491742124044
6610	3	2.388395572082055
6611	25	4.472496624713394
6612	25	19.66524668003395
6613	25	11.556373576473174
6614	25	18.936146826779662
6615	25	5.8166181626702125
6616	25	19.680802667775932
6617	2	0.47034734447826165
6618	3	1.4784397149566226
6619	7	2.022957963559278
6620	3	0.7112920627096895
6621	25	11.623530703178385
6622	3	3.8644397714118064
6623	1	0.3352965926608042
6624	4	2.15588470072917
6625	4	3.2670759891187813
6626	5	4.26021537419409
6627	2	2.140029845405599
6628	1	0.4023754854640454
6629	25	10.10566910697044
6630	6	4.941579366340891
6631	4	2.1330428714597964
6632	25	17.865380463442087
6633	25	1.212690262974814
6634	6	2.967452961287282
6635	6	4.378237598270854
6636	8	3.0614878818562343
6637	25	6.013572115838101
6638	25	8.135360519468309
6639	5	2.611367196060311
6640	25	4.565254831930503
6641	6	2.434401113371513
6642	2	1.6397995799184855
6643	5	1.5844697780328363
6644	7	1.5019037784792644
6645	4	1.919060924251271
6646	5	3.4181207244279
6647	6	2.8722880393594408
6648	25	16.177040908836176
6649	1	-0.05646782656576976
6650	6	3.526106256718779
6651	5	3.814514608639925
6652	25	2.0118990739383213
6653	1	0.7260744798551652
6654	25	11.411302566293955
6655	25	13.084395077801364
6656	4	1.7286952757660363
6657	3	1.774298225607795
6658	3	0.18234435818886652
6659	2	0.3989730779370978
6660	3	1.1098669993415786
6661	6	3.125571758294158
6662	1	0.6357226734089375
6663	3	1.3188288507238146
6664	2	0.8739318019961214
6666	25	3.873781282207632
6667	6	1.9678139346128936
6668	4	2.2217120105416526
6669	3	0.07880607400889361
6670	7	0.12327691982412273
6671	4	0.9707630053819599
6672	2	0.34979032436629026
6673	4	0.44253682932967964
6674	2	0.28391728573688496
6675	4	0.13039221849871707
6676	7	0.9348298898179566
6677	4	1.1953117649456737
6678	3	0.7117413719896685
6679	6	1.302668379221717
6680	3	-0.7376365916801289
6681	6	0.7770030583556934
6682	25	-2.4434177957195367
6683	5	-0.2245612837030841
6684	3	2.6082919247793543
6685	6	2.882391761732574
6686	3	1.2782633527948237
6687	3	1.1249072523855899
6688	3	0.9763900984057193
6689	1	0.3682330527382796
6690	3	1.2966381476701263
6691	2	-0.38402288236207366
6692	4	0.6532605382529086
6693	8	1.5795098874151479
6694	3	0.3882004326289241
6695	2	0.30695555014119213
6696	4	0.7551181957094907
6697	2	0.3298640959054955
6698	6	1.8762972977464483
6699	5	1.7654692320346919
6700	2	0.49072846721016716
