3819	42	19.595574061302084
3820	23	24.005129084936232
3821	40	22.108383543928916
3822	28	13.928390783919914
3823	200	113.97411825903919
3824	200	77.1274323922384
3825	34	32.337050770211164
3826	32	3.938395458084486
3827	29	5.2520858513008495
3828	200	16.122020133694328
3829	38	21.143450503728808
3830	200	107.4313317190501
3831	39	36.102499122258806
3832	200	139.92838779674688
3833	30	24.14393039480017
3834	35	12.090610386998073
3835	33	22.909720503044362
3836	32	9.22371688215045
3837	200	170.20716250536304
3838	34	20.622053426495
3839	200	90.09058674191289
3840	29	1.9485761678230322
3841	34	21.67547447202358
3842	35	28.012412480400954
3843	200	58.17722551736448
3844	35	29.88210409473455
3845	35	12.148722123503605
3846	200	201.1811340011716
3847	28	21.23785171205445
3848	200	28.702902399763534
3849	26	9.434026477876351
3850	31	9.821374006758498
3851	200	159.9059559540627
3852	200	128.1344781742112
3853	34	9.144911597567972
3854	30	20.36530971553165
3855	200	105.78128091813826
3856	31	28.74832622840705
3857	37	21.86314617980891
3858	36	11.498218029983153
3859	35	20.55788404555241
3860	200	32.346901448548444
3861	29	6.185903662609797
3862	36	21.972544586923245
3863	33	26.292225150379537
3864	36	32.12251075316525
3865	200	85.79701517944014
3866	31	26.10951033261846
3867	31	9.906274035605847
3868	34	25.757178729377788
3869	33	6.300801693366237
3870	28	22.61894225078973
3871	200	29.7264036072821
3872	39	33.869950885036985
3873	200	135.66060277480003
3874	200	1.3121276023941424
3875	32	7.378482118578193
3876	34	13.678983085006307
3877	31	19.971693196095522
3878	33	21.350331786886876
3879	28	9.09812739391921
3880	32	18.738441544794167
3881	36	3.977542353133186
3882	29	5.702759978484027
3883	25	3.579548763028444
3884	20	12.55822014139118
3885	200	117.78034456083256
3886	200	73.34794213403858
3887	200	120.32808614549431
3888	39	26.421649625766513
3889	27	20.627873045976358
3890	200	222.65467870773304
3891	35	23.45641628446003
3892	200	105.70668032430757
3893	33	14.388578878550135
3894	32	32.7332327284608
3895	31	9.697238144908642
3896	33	13.262293407269551
3897	200	123.04784628008746
3898	34	21.063113072423572
3899	35	15.413051103004586
3900	33	14.241977354089332
3901	41	50.55957110426509
3902	21	0.40255759100956057
3903	32	21.43149491411135
3904	32	2.3023705544330837
3905	200	113.58219307884072
3906	37	39.09277122130501
3907	31	15.955808838091574
3908	34	13.711506290163054
3909	39	15.290342616309047
3910	30	9.684548780991495
3911	32	28.484352402693528
3912	200	118.83627151050742
3913	200	65.06834434491272
3914	40	15.782893115520523
3915	200	8.687812350812699
3916	35	12.651831557463492
3917	200	153.3396110027261
3918	200	53.8988537255428
3919	36	19.25997672127054
3920	26	8.944664925958984
3921	32	0.821479428632365
3922	37	31.133140797243495
3923	39	27.4776000941706
3924	31	10.134482854581792
3925	200	180.58386327484803
3926	26	17.701216700308343
3927	31	30.650691845670643
3928	200	164.25376494017965
3929	37	8.685008102827176
3930	200	153.07296824742036
3931	33	10.284954211406975
3932	200	98.91974528698232
3933	31	25.452121903350424
3934	31	22.257367880565443
3935	46	21.522560675100763
3936	24	8.609389101295692
3937	38	6.2501589403358855
3938	31	34.641507348248105
3939	32	29.656296920512222
3940	37	5.7008581260699325
3941	32	3.7595432415741503
3942	200	69.31354753783233
3943	40	15.891445802987015
3944	34	2.30745657109611
3945	200	38.74664068478689
3946	34	22.122279817115924
3947	26	22.953688984451745
3948	22	16.9815701284088
3949	30	25.745254842536283
3950	31	25.428635595416115
3951	30	24.3895222402476
3952	25	7.684788362378432
3953	25	20.618836435046997
3954	24	22.66096657282611
3955	32	9.613424953046497
3956	37	15.875162302768846
3957	38	35.67305694683645
3958	34	11.3255977070114
3959	35	40.22743601845464
3960	32	8.957250853720797
3961	35	35.87688485175394
3962	32	36.23560249757526
3963	28	21.953288897914774
3964	31	44.94680675814192
3965	36	30.96142592937487
3966	200	130.21651828164107
3967	37	5.930079440949138
3968	33	14.06403350558436
3969	37	16.96980705819499
3970	35	24.640061261241026
3971	37	21.52812528472581
3972	200	115.47071334339114
3973	40	5.13133045218416
3974	30	20.79974901966508
3975	28	7.456761429126931
3976	33	26.6521078824089
3977	28	5.929561300388132
3978	44	19.684952628493107
3979	27	1.8285850046885024
3980	33	33.90835726400936
3981	200	73.52614247031724
3982	31	6.8743218444361665
3983	30	-0.016612253405854767
3984	200	85.47550426114478
3985	32	16.15915418638526
3986	39	13.519038750736764
3987	28	0.792111052874122
3988	31	26.7161790408089
3989	26	4.023036228135633
3990	200	96.76675690367195
3991	27	22.205992659495205
3992	26	9.636600979598342
3993	200	186.4147443597339
3994	34	17.265647518120343
3995	30	34.12860800621018
3996	33	33.8977983775688
3997	29	23.397331733135587
3998	35	20.05630312392861
3999	24	1.1888625685700496
4000	43	35.62817382768275
4001	200	228.66963816237924
4002	29	21.335469407828846
4003	41	22.684615540802533
4004	200	219.48183674959662
4005	28	15.062604775246903
4006	33	5.571605332600452
4007	37	33.12443516489881
4008	33	-3.304347600410904
4009	37	30.97222074816745
4010	34	20.18088617748752
4011	200	80.30631073910577
4012	32	13.22083343293065
4013	35	27.211303003507055
4014	31	-1.3581742852135064
4015	200	61.94379867595224
4016	33	16.54643185488096
4017	33	2.4619516911892756
4018	34	22.061334399081776
4019	37	8.766095162659477
4020	39	38.1542194244195
4021	36	24.69217114425502
4022	200	255.12322676921303
4023	33	30.16075860917411
4024	38	27.43433378359802
4025	31	6.1572750711360875
4026	28	25.07941213989912
4027	36	7.4793435176457725
4028	29	18.249344841837345
4029	33	11.812132675062797
4030	29	26.970419971724596
4031	200	74.66414199788376
4032	200	147.00147617843788
4033	32	17.961364338213933
4034	29	8.04004083717556
4035	32	18.276536935139234
4036	32	18.578738744258747
4037	34	19.52675845977502
4038	200	81.58698533607938
4039	42	33.43966143247972
4040	32	29.531192438861858
4041	200	133.75685070267937
4042	26	13.816535304543393
4043	30	9.577470752319336
4044	200	50.69562998084793
4045	26	16.532345139737334
4046	200	4.881590719296058
4047	41	15.42191815897722
4048	33	1.2888541310987718
4049	200	48.90975597120763
4050	200	105.10702147976367
4051	29	20.128942062398355
4052	33	13.863924523473633
4053	39	9.437003717024362
4054	24	18.953992758660032
4055	31	10.27135695697079
4056	37	11.464792864083552
4057	37	10.388229449770817
4058	29	28.603344015126627
4059	200	77.73955935394245
4060	34	7.9747879390756
4061	35	16.34898071494843
4062	30	6.3301055861778925
4063	35	11.607682041742201
4064	34	19.65670846064749
4065	31	9.825944590772417
4066	37	28.515228515796345
4067	35	21.03940587250773
4068	200	139.53862207601776
4069	45	9.569691640720993
4070	36	10.45264376436781
4071	33	22.237669719822357
4072	200	64.54463315354111
4073	37	52.69979796318891
4074	37	36.07403877094253
4075	35	10.305439904907978
4076	37	6.8933387426695365
4077	36	19.216255670110005
4078	38	49.087152472966714
4079	42	30.79664013118412
4080	31	-3.367823129254582
4081	35	22.38329442424411
4082	38	17.592275444391138
4083	43	9.75974754479478
4084	200	102.20947929068961
4085	33	-0.346710584448101
4086	29	11.966777570951695
4087	43	-7.152104016035155
4088	44	16.590149925907635
4089	29	23.541448509714392
4090	31	25.391758162809815
4091	21	8.602464180006614
4092	27	8.593356810956982
4093	200	44.97500837772582
4094	39	37.58859784557157
4095	39	16.43734060440362
4096	200	82.13295992261172
4097	35	29.83686614066843
4098	35	-1.7462628614039046
4099	41	3.3692582010004695
4100	200	169.70379213120435
4101	31	19.638193472409668
4102	200	57.90243072690705
4103	32	29.716704303826017
4104	33	9.705148811811842
4105	31	11.497784845071191
4106	37	6.023604231909416
4107	36	25.561961788454198
4108	36	22.849880527178037
4109	27	15.275682121377
4110	35	8.557795574977492
4111	44	14.881600382828331
4112	36	23.43620443119891
4113	200	142.9037488858583
4114	37	25.44966448994931
4115	200	134.9935747709719
4116	37	34.428042443351686
4117	24	10.783881971883954
4118	200	70.04242497007002
4119	29	24.27393320859556
4120	200	47.9361967455583
4121	32	13.225496785206031
4122	41	26.592456886614652
4123	28	9.350860161499098
4124	46	25.073467363701315
4125	32	9.452601447248304
4126	200	90.29007998265527
4127	32	5.8479878554575135
4128	32	28.744921999790417
4129	200	168.0795352362191
4130	28	9.304494881472866
4131	31	19.6675867533148
4132	41	25.04401279996475
4133	19	8.915745815654926
4134	200	26.71521014307338
4135	25	17.596548805674
4136	28	19.248726966118255
4137	35	4.907054650242817
4138	34	2.1303877692456643
4139	24	6.502153019211295
4140	24	22.153041000425784
4141	28	19.25469528461734
4142	29	9.485151358842954
4143	26	14.800949053356682
4144	30	2.4579116885050767
4145	33	4.495288715512854
4146	42	32.370308624374445
4147	200	50.527708126248584
4148	30	16.346995794593095
4149	34	26.191068954582516
4150	200	94.43260298752811
4151	36	2.471999100198288
4152	37	47.246415926519106
4153	200	63.53646177613736
4154	200	98.39698783689272
4155	37	1.006991798318068
4156	32	10.862336771367922
4157	29	24.878487460400425
4158	32	25.192100301112234
4159	200	161.19148647139434
4160	37	28.077428573888255
4161	200	25.922682383750544
4162	39	9.103330690111346
4163	35	31.660926262733668
4164	27	16.907110232180887
4165	42	11.377257262304733
4166	200	186.4404378745019
4167	39	23.811996102621084
4168	200	61.0739534546991
4169	200	157.9917352460614
4170	40	13.829601191545223
4171	200	85.82835153651865
4172	200	62.18446679501602
4173	200	132.7484257479973
4174	26	31.503139162745004
4175	42	32.91930169078532
4176	37	11.254910362947978
4177	200	128.12705807869895
4178	37	26.605146016583014
4179	200	216.13668602216174
4180	200	60.035365739476084
4181	34	8.868982765126265
4182	36	20.49845389548544
4183	37	13.371339576431371
4184	36	12.310486284379929
4185	33	44.96697024287239
4186	200	102.85763962669509
4187	200	214.42410323981767
4188	41	11.86478201959386
4189	200	72.45415431511827
4190	39	39.41242438854307
4191	27	15.93571894979254
4192	27	15.563891391577279
4193	35	14.807989513380024
4194	36	21.128039189364564
4195	36	15.731015756897216
4196	36	8.035837997458014
4197	34	40.389266871920526
4198	26	11.810386492942497
4199	27	25.94268326797701
4200	200	150.9428239051925
4201	200	121.6853400792639
4202	42	45.12195364874365
4203	37	33.24962072506311
4204	39	51.2120989760128
4205	200	104.89140242676105
4206	30	7.139838568603701
4207	32	17.878914866383052
4208	200	186.75121431996715
4209	200	56.469990687296345
4210	29	11.185174772339597
4211	200	32.81056257668864
4212	36	25.24058939698946
4213	29	15.785743137159242
4214	200	146.18905575726274
4215	43	23.961351207667718
4216	38	39.01293158967288
4217	200	85.94446793707421
4218	37	23.774853236860103
4219	29	15.499000641467715
4220	30	7.771742993793214
4221	43	42.166880155361916
4222	38	21.965197444215196
4223	200	111.07242745480954
4224	32	32.78091767468363
4225	36	22.990540978721636
4226	28	15.156015695956917
4227	29	29.765318835575084
4228	35	11.065487187335247
4229	34	11.283217338529392
4230	200	122.4595484661803
4231	30	18.092674296355835
4232	37	24.850735067630627
4233	200	24.0388605108067
4234	33	5.308359357427571
4235	26	17.673986609027356
4236	30	15.29307706586381
4237	29	17.304133613486435
4238	200	177.14461167150398
4239	200	156.8847082775217
4240	37	15.371753741478567
4241	32	33.279059872492404
4242	36	10.36098079300476
4243	24	11.899073101536477
4244	200	122.02734706280694
4245	33	35.09056953154969
4246	40	27.283457868241833
4247	40	33.505898811895925
4248	27	26.819072258606806
4249	35	18.271216128631632
4250	28	19.36641275227962
4251	30	23.321026847842152
4252	200	164.247168622765
4253	39	12.696173506526911
4254	34	25.909791352985017
4255	30	34.03492449710305
4256	35	37.43553165750366
4257	31	30.47651706827114
4258	200	148.04003202431437
4259	27	7.665788740978786
4260	27	13.435755551384762
4261	200	54.50577483640582
4262	22	12.101083081815714
4263	30	18.297679939320712
4264	25	19.596828141696243
4265	29	20.75733337325654
4266	28	13.915988620241828
4267	200	13.896234424487327
4268	200	198.4392887637651
4269	25	9.579831621398153
4270	37	11.407700192205892
4271	38	39.275460882590316
4272	36	11.78853506458357
4273	41	32.6174357465632
4274	24	10.438246196358447
4275	200	182.16992233839235
4276	27	5.558599545265582
4277	32	9.277870859396547
4278	200	121.14037270262648
4279	34	8.122716270192484
4280	41	32.37500641673212
4281	40	20.765246449994944
4282	37	27.669242654654962
4283	28	23.421878432896055
4284	37	10.721703728787228
4285	33	16.144046500358392
4286	200	118.60710067656517
4287	31	19.929048047051715
4288	39	36.9620114280939
4289	200	129.17407483168762
4290	200	175.08988428242276
4291	200	127.58081710016926
4292	200	135.60958835353927
4293	32	3.4040321206699624
4294	26	1.7998727421666467
4295	38	17.457140687683445
4296	200	103.01800395182917
4297	33	12.067144325047588
4298	200	20.190068844926465
4299	36	41.5485391840464
4300	35	16.196773668500505
4301	200	127.9337277982468
4302	31	17.043936462249892
4303	34	25.97628479541107
4304	35	10.721883082509077
4305	32	9.114117467661531
4306	36	10.033606282472443
4307	33	19.342477904495226
4308	32	12.14405866552979
4309	32	9.156793490669079
4310	43	22.81100050632117
4311	35	35.8296596009149
4312	27	8.440484058572562
4313	40	15.946040223944967
4314	37	40.676981651914005
4315	42	14.675660366488556
4316	200	122.46776520660428
4317	23	10.60601495301486
4318	25	12.702558836805729
4319	200	-9.470171892057651
4320	29	14.383384744153885
4321	36	21.580168487540405
4322	31	38.26180687252844
4323	38	22.225698989676292
4324	22	15.95563869395946
4325	200	131.56398709090257
4326	41	10.000100464743381
4327	30	8.158308084254797
4328	30	12.342481110165634
4329	200	267.8692012304178
4330	37	21.08231016502799
4331	34	21.588591095051704
4332	32	11.172222318718376
4333	200	81.17160672563196
4334	30	43.06298378129831
4335	38	17.43618639277347
4336	29	15.670231207201182
4337	41	33.64374378214674
4338	35	3.371508075048983
4339	200	194.86251389648544
4340	30	29.700257095524126
4341	29	5.835909700667311
4342	36	12.895155883227648
4343	200	139.38628435272489
4344	36	15.808274061071657
4345	31	44.31527345231499
4346	33	8.152390902057157
4347	27	19.610813496760393
4348	37	31.112874274906673
4349	200	24.19175521842084
4350	34	28.075726474081286
4351	200	132.6004223177117
4352	35	22.791828980072342
4353	31	14.01170425586712
4354	36	4.393531479735806
4355	33	9.670182155732444
4356	33	12.835284228502132
4357	39	16.769559807518025
4358	32	6.0188252864774885
4359	200	125.37466605232278
4360	200	166.9413409160887
4361	30	12.83068624806644
4362	32	20.20532575622059
4363	38	33.29982766247543
4364	26	17.244941539530995
4365	28	17.780738226077116
4366	36	19.472868898416372
4367	30	16.428732955347236
4368	32	11.724797818855492
4369	200	130.2044991720031
4370	41	3.6202085540943894
4371	200	123.2310407104183
4372	34	6.572455666504568
4373	26	7.956197831752931
4374	32	23.604938659093612
4375	36	32.867734690911064
4376	27	10.304843085972488
4377	34	-4.023348797018048
4378	30	4.416727142926011
4379	200	103.27803214631382
4380	37	5.9169359858143435
4381	200	157.29467374722364
4382	200	11.752010003894394
4383	30	3.2078225843291497
4384	29	31.21198570594235
4385	200	132.66123925506534
4386	30	9.165692207403895
4387	30	22.976716659325216
4388	32	26.71480163736947
4389	200	180.34872496699168
4390	200	38.05595666398979
4391	200	38.634866137958475
4392	35	23.305490966503214
4393	36	12.886113434060098
4394	200	164.60526504332395
4395	37	2.2043945047846654
4396	36	6.739093990495921
4397	36	27.9030711693693
4398	200	187.3263677653871
4399	40	19.721884641405115
4400	29	5.4221921246787375
4401	30	28.38469465297237
4402	23	0.5614459068408413
4403	28	20.57847500926457
4404	30	-2.1220552566986077
4405	200	186.73025733969362
4406	31	21.812185181114867
4407	36	36.17314361161379
4408	32	8.521898808956864
4409	37	20.0813360734149
4410	200	135.56891599464313
4411	200	37.34198121037493
4412	33	12.455830703761482
4413	34	41.31371889742098
4414	33	24.24515499474825
4415	30	32.86124092739641
4416	39	26.26371628977266
4417	31	29.815064363924268
4418	200	171.00802862530207
4419	200	141.97430096604148
4420	31	16.499205372101315
4421	36	18.252807005069638
4422	36	24.311089464484585
4423	200	39.20367334497324
4424	38	15.946472825019018
4425	200	115.33367617937613
4426	200	87.30113964093765
4427	33	13.433541823103084
4428	27	5.415381957071118
4429	27	21.127948262812193
4430	26	32.9679402891757
4431	45	22.100689710226426
4432	33	10.223273130451942
4433	36	36.468119640889654
4434	43	20.85964665544952
4435	32	28.129116700220415
4436	38	17.93501738949093
4437	200	192.62308230024138
4438	33	1.9108959303407036
4439	25	10.847623804361202
4440	27	9.061740555568546
4441	27	15.166181629185107
4442	37	13.455161602264532
4443	200	197.4576878198913
4444	200	70.81199763924987
4445	28	18.389820610161664
4446	31	16.27898592558004
4447	29	7.6725710325007865
4448	200	127.65829371270732
4449	200	175.84405334063055
4450	200	103.07297128576185
4451	25	9.244114619427025
4452	24	3.312018529297356
4453	34	-0.45913764148256714
4454	26	5.619884261292349
4455	37	22.231571946607396
4456	28	24.621588014925464
4457	32	-1.694607373698176
4458	42	15.259764923603765
4459	41	55.24698550976396
4460	27	22.77346878230906
4461	33	5.932895373220259
4462	200	138.701565228855
4463	35	24.51968798915521
4464	30	12.63867413062817
4465	23	21.108138726698407
4466	25	3.6402417067106336
4467	37	27.828898366250492
4468	200	153.57234034828807
4469	31	16.95835723897054
4470	37	3.1809677601669395
4471	32	21.288250780489847
4472	200	221.23263657787982
4473	30	30.03901260213405
4474	33	22.17367971697294
4475	38	15.892282658773587
4476	29	12.633855540405577
4477	200	25.96189326529809
4478	31	32.98656525568399
4479	31	27.43237170107629
4480	32	22.968412273484308
4481	37	1.1930715029208945
4482	31	3.6975826526878857
4483	44	27.395919009911402
4484	28	13.873355525259534
4485	28	19.722687516200498
4486	39	11.850281219631647
4487	28	17.189341938706754
4488	200	46.81851405948032
4489	30	17.728343691975255
4490	36	23.68063542837188
4491	35	30.52468465379647
4492	200	80.3770019386927
4493	32	20.277659424766778
4494	36	7.52580656729987
4495	33	29.235972139550917
4496	37	19.5063350858562
4497	200	138.1345105118352
4498	35	10.947378566623964
4499	28	20.762321344089894
4500	32	36.11043305797311
4501	37	35.59410711398905
4502	31	14.02834043060897
4503	200	116.33856401630672
4504	30	10.728361064612692
4505	36	5.783446473772601
4506	35	4.998466769015339
4507	30	13.05168772794558
4508	32	7.3541400384145925
4509	24	11.16146685701228
4510	200	-3.3999006048264313
4511	37	16.4491263633983
4512	200	153.90553685590982
4513	32	9.750237451517137
4514	200	53.24320241493167
4515	37	13.77817632950828
4516	32	15.80303261038545
4517	37	9.393564498695604
4518	31	15.053925377676892
4519	37	13.36129430694659
4520	26	18.121601506196047
4521	200	149.45212300166168
4522	32	9.352959074559635
4523	37	11.605071344503944
4524	32	38.85694492136378
4525	30	14.714295700603921
4526	37	21.763773225676267
4527	42	32.23857191511661
4528	200	112.96495226242436
4529	28	28.72080513735089
4530	34	21.19353606405691
4531	41	18.909355420456546
4532	35	33.24436238256902
4533	200	147.32115150363268
4534	34	27.565924272101494
4535	200	17.63221922647566
4536	200	254.64387532397544
4537	200	183.97832626954585
4538	34	34.3044573611539
4539	31	16.613004069263074
4540	39	26.88080464171702
4541	28	19.514034610382712
4542	26	10.295214540590205
4543	37	31.035785880987778
4544	25	22.968282896930464
4545	41	26.386749775833668
4546	32	15.798968512203983
4547	200	71.76806411592838
4548	29	34.55162370256283
4549	34	20.622388197149363
4550	39	9.326571095073087
4551	37	27.700500908761867
4552	24	18.14959297269766
4553	200	39.11496791018015
4554	200	52.40510602766845
4555	25	21.193065252757375
4556	200	96.28725363484867
4557	200	124.22952584430438
4558	25	21.973130215279475
4559	200	117.39758387430817
4560	25	29.187200638719087
4561	34	1.5419324906887542
4562	200	73.80755471245733
4563	33	30.16917934454401
4564	35	22.482080999679027
4565	39	5.902009347413304
4566	39	35.69220705177487
4567	32	37.13876198764386
4568	30	1.051764153651985
4569	200	134.7381972539887
4570	200	129.5103330996159
4571	200	149.28874177014276
4572	33	24.813856492762476
4573	30	14.118790764995593
4574	41	17.050607765380136
4575	200	52.30686854960046
4576	23	19.128497112919295
4577	29	15.767113418623603
4578	29	7.311421351319177
4579	33	34.475885723017846
4580	31	16.855721253563463
4581	35	18.169432344767472
4582	33	18.25563460394453
4583	29	19.01897311189293
4584	37	15.950037309546513
4585	37	30.110477871850257
4586	29	19.444412697318548
4587	200	64.94523136259603
4588	37	32.858598009310604
4589	36	16.754386900500588
4590	33	19.52602953935441
4591	36	17.023949900741876
4592	32	29.878523321383337
4593	37	17.00505545244186
4594	36	9.005630347656698
4595	20	15.861646216079139
4596	32	15.370118775017353
4597	30	5.508898537746898
4598	27	3.9265400448666954
4599	28	12.31646150687837
4600	36	26.583385674870865
4601	200	57.494513460362555
4602	34	27.699846995525345
4603	200	181.13130546219776
4604	200	21.98151621277105
4605	28	1.0083150796510045
4606	34	10.0016270044264
4607	37	8.608086553834381
4608	32	34.68339568765986
4609	24	6.950874650617313
4610	41	13.082091683302485
4611	200	76.5263884390202
4612	40	15.176606085078543
4613	200	146.6579174389752
4614	46	7.387797539514388
4615	200	107.25239060483858
4616	38	21.71041653908025
4617	35	18.146302039683857
4618	24	7.316424992117149
4619	28	13.227608760686035
4620	42	7.815987519747162
4621	35	24.321557362811763
4622	30	14.022516648193184
4623	200	177.52619214491784
4624	37	4.325859439279924
4625	36	10.913184923172254
4626	200	27.042260966200985
4627	200	27.83621595133761
4628	35	24.928945776619443
4629	200	144.87517600697188
4630	42	8.696173900699481
4631	200	139.72841165349413
4632	29	12.669017478545397
4633	27	9.845523957052935
4634	200	96.99374921262759
4635	29	21.72477515112865
4636	35	26.00049892390424
4637	26	12.558761157447794
4638	30	10.391291626260488
4639	200	187.5504001189414
4640	33	5.889994878410101
4641	37	28.948755426614103
4642	38	-1.9928392867352502
4643	24	15.25682215573596
4644	36	23.039190490757285
4645	37	25.011257946377153
4646	26	17.17098865838357
4647	42	15.583902590761761
4648	200	131.98705172192138
4649	39	-2.2176050812523567
4650	200	168.7126233423263
4651	34	16.478209822295153
4652	34	26.30072811742482
4653	200	190.3975820841009
4654	31	31.19828538033856
4655	200	120.65419710188937
4656	200	100.09922082421471
4657	38	13.95996054668083
4658	29	18.58578447784183
4659	38	19.466375467681203
4660	32	26.18627662216587
4661	200	174.11143658611627
4662	37	21.71036530066918
4663	23	8.48061694106896
4664	29	12.22860309283167
4665	29	12.828448468496527
4666	26	20.02500633077068
4667	37	22.882009714413034
4668	32	31.169265448466174
4669	200	134.92512746216576
4670	44	12.51957214097315
4671	26	1.4474472741567654
4672	200	181.14831398004145
4673	200	112.05846225351871
4674	32	3.6239300077431995
4675	31	13.355272481965207
4676	24	12.24917178882993
4677	36	15.486148041559966
4678	200	130.8150279719311
4679	31	1.2824330670375734
4680	32	24.555629728123662
4681	32	5.869189453858493
4682	42	6.6425621327740085
4683	43	9.561782395111265
4684	200	156.4351569545186
4685	200	5.734286957566203
4686	32	15.550076732966337
4687	27	23.7972001508692
4688	200	47.25549455541214
4689	200	63.26373938017998
4690	34	17.558211145711827
4691	26	11.344498600322678
4692	34	6.673927204394909
4693	53	53.11473535617818
4694	29	21.63598213270016
4695	26	11.406069210078691
4696	35	12.463243702052411
4697	27	10.98684382102961
4698	31	14.409245762509551
4699	25	3.985046305297444
4700	36	16.888276845714394
4701	35	8.291888168467413
4702	30	31.118585378067515
4703	200	142.7440190828697
4704	200	82.07778921895968
4705	34	37.818578651152
4706	200	64.18124113719614
4707	32	14.6249964946945
4708	200	84.64239379477476
4709	31	18.79165549175823
4710	21	12.143784641652795
4711	28	26.15855523387299
4712	200	132.77932848206584
4713	34	10.151023300150023
4714	34	8.083411917773496
4715	33	15.176505307373981
4716	35	24.559356129436928
4717	42	26.551180561292078
4718	40	24.950871037514613
4719	200	2.2488312979211957
4720	26	23.4599271297047
4721	30	14.850996337764244
4722	39	8.235872408466413
4723	200	68.4108761041927
4724	29	18.897186210268277
4725	200	233.1945775292305
4726	200	127.9603078982978
4727	27	11.006274457429967
4728	36	12.403646102625164
4729	44	37.85766250109797
4730	200	154.55085996392157
4731	32	21.8990947432448
4732	42	10.819674598566026
4733	31	16.306503615437023
4734	30	14.786908207345968
4735	25	6.004626506768588
4736	200	125.28502683561965
4737	200	81.97912348752325
4738	200	51.6994959815586
4739	34	31.04541845327627
4740	32	13.563585299991084
4741	31	2.219260443103535
4742	25	16.829266389493277
4743	32	30.443502581211234
4744	31	14.255241279029272
4745	35	28.97899467106164
4746	34	23.203450486144753
4747	200	65.95975754551684
4748	34	20.47612096978591
4749	37	33.64435376878733
4750	200	144.12090334799586
4751	33	11.128519596224034
4752	35	19.259552336772874
4753	200	26.62291185055216
4754	200	66.8488656610761
4755	200	89.18798828595416
4756	36	12.23938595549927
4757	29	34.316777308135826
4758	38	9.06425236270408
4759	40	10.441201163705967
4760	35	15.177278135183201
4761	200	56.97422602015255
4762	36	14.638072444887513
4763	200	130.1582352145588
4764	38	33.34620746983229
4765	29	5.845112366630913
4766	34	24.28172926931031
4767	200	31.8119997449066
4768	40	8.468414104316382
4769	33	27.09912294968956
4770	38	36.33872598330393
4771	200	155.80046686795387
4772	200	78.70072194920192
4773	200	194.22948362614548
4774	32	7.778445031687575
4775	35	37.509033017582716
4776	28	11.471350502169237
4777	38	29.25914608891645
4778	200	-19.21340911689225
4779	20	7.1088261266748995
4780	43	43.60196315945998
4781	28	2.075034237746524
4782	200	222.3051361353227
4783	200	112.18771850561143
4784	46	14.584834302906463
4785	200	129.2455567075434
4786	200	111.18202648025999
4787	49	41.427514468546676
4788	33	1.6261688359373108
4789	31	21.164752529399944
4790	200	66.47516317469466
4791	36	17.350312951426684
4792	31	22.921125850491187
4793	30	3.9838856224795776
4794	37	10.967332644115594
4795	37	26.195417741116756
4796	34	27.970408890607537
4797	20	14.96459495417385
4798	200	108.2554189030594
4799	37	6.943193137243695
4800	33	35.201038919112996
4801	42	14.612276957188778
4802	33	12.981337656871366
4803	40	30.594540024896887
4804	33	7.310052551065494
4805	32	23.795845926226086
4806	29	13.49658595561678
4807	35	25.460409209860277
4808	200	104.70062369474729
4809	29	28.68857608080938
4810	29	15.788534604120223
4811	26	21.69836756686152
4812	37	21.283862962818905
4813	200	150.97103462849742
4814	27	9.533034704483253
4815	28	-0.8572306267999645
4816	40	23.06694478789805
4817	26	11.836372469154334
4818	25	7.64826138243027
4819	200	128.6784025610398
4820	27	10.038736110317005
4821	32	4.611265847149681
4822	41	24.828986337216257
4823	26	6.035252672585881
4824	200	150.948517534742
4825	37	25.129336102606175
4826	39	35.590732815935795
4827	200	92.39222642292697
4828	23	11.098187214216349
4829	28	3.4245501834702483
4830	200	164.2961597939597
4831	32	35.16206108972712
4832	33	4.748563473774064
4833	29	-4.225736456075295
4834	32	21.551866724209358
4835	33	32.896191671510785
4836	25	11.818618111439182
4837	33	18.256491138916527
4838	30	29.41769130492191
4839	32	30.50005611521686
4840	30	22.044926580282453
4841	200	92.51880622202265
4842	32	14.356440893527989
4843	31	8.369586419011082
4844	28	8.832720766028388
4845	38	13.681992468154384
4846	31	5.817176857249072
4847	200	110.12937644482993
4848	35	6.038253484595844
4849	32	23.965601785943228
4850	200	39.529094923567456
4851	34	4.059277521512229
4852	32	7.113115135270103
4853	41	29.477102388235668
4854	200	126.18726348683671
4855	35	29.078802601938417
4856	32	34.933062787335295
4857	26	10.311840790120863
4858	34	6.92746629572102
4859	24	12.316341371203482
4860	30	7.424157835804258
4861	200	134.5296893043792
4862	29	8.965250832010899
4863	37	14.605423225712393
4864	200	52.988277579750374
4865	31	3.2349874951419118
4866	30	28.409764001509473
4867	29	8.72541194460395
4868	29	13.684146563376476
4869	31	-2.1869282840463877
4870	30	20.712528609054438
4871	34	0.8815294978530279
4872	34	30.371297407714398
4873	200	162.34110914144165
4874	32	22.835749669094625
4875	30	27.234371006962252
4876	30	10.487066348286076
4877	32	32.0149136215213
4878	32	8.111195137669034
4879	41	12.663979716927209
4880	27	13.25654089060495
4881	200	153.94624746220117
4882	36	24.507323076543635
4883	32	15.012941940337315
4884	28	2.263587003988153
4885	35	7.968503116687462
4886	36	31.173804477053892
4887	33	12.34803739220648
4888	39	22.253708143237553
4889	27	5.879747743397854
4890	200	62.31542863783536
4891	200	115.32308562078565
4892	42	23.652480431036512
4893	37	17.236835862986144
4894	200	33.63801131637424
4895	200	113.38821467041844
4896	34	25.321803603721285
4897	28	5.243173835945302
4898	30	6.778191938115592
4899	200	144.9622192151769
4900	32	33.78520605211833
4901	29	1.9511403102079379
4902	28	18.84868766359896
4903	200	115.5261955848324
4904	200	64.06380159497574
4905	200	30.37147620915989
4906	39	14.20195850245615
4907	37	13.535940383571054
4908	200	78.02570444844626
4909	25	8.857758992248614
4910	43	20.890356014231646
4911	40	22.296249027991887
4912	40	31.692544382718033
4913	42	18.047914962360043
4914	37	19.841339634182656
4915	29	23.080161580064516
4916	27	9.59112016423595
4917	29	11.224039102797537
4918	39	-0.5496019893057549
4919	39	10.24605507254143
4920	34	15.316937555691682
4921	200	186.85668348509313
4922	27	17.80882669659109
4923	200	64.88473853597078
4924	200	114.38173131909369
4925	19	8.004587320460825
4926	35	32.693405795534915
4927	31	15.908415918976981
4928	30	19.510881025526356
4929	38	28.29882320101958
4930	45	1.8770189616481605
4931	36	26.225137198878635
4932	29	12.77148077630546
4933	35	15.73409754684432
4934	34	25.732527422564274
4935	21	13.101340442593475
4936	200	37.146693104569096
4937	34	26.567379983121878
4938	29	0.5131576910401155
4939	27	42.4552899080656
4940	41	11.390694112413414
4941	38	30.794717047257084
4942	200	16.96292288519251
4943	200	58.29028937583283
4944	38	6.636939064346303
4945	36	19.34274062561256
4946	32	22.153953620667576
4947	200	69.00914403372413
4948	32	13.471728794720487
4949	200	8.465031982481767
4950	36	29.220461179119724
4951	37	33.43653468628178
4952	39	25.784637036397033
4953	41	26.25448043825321
4954	29	15.18561976201003
4955	37	24.855640602962332
4956	34	20.123044883785113
4957	38	-5.124314840975037
4958	40	11.408654085776645
4959	29	15.467148425141684
4960	35	25.358769009202547
4961	36	15.347132523364243
4962	39	11.962538928875729
4963	39	33.59078883268161
4964	40	0.5020452375026455
4965	38	8.580771803695825
4966	200	68.67334633152375
4967	200	114.33752107188023
4968	33	14.267230716898816
4969	34	6.707064026556531
4970	38	35.5302184030263
4971	31	36.456857450653416
4972	28	15.008095892451728
4973	200	132.16749727932444
4974	37	4.189781082964157
4975	37	23.582263032768083
4976	200	77.43983065415925
4977	39	27.40773674043857
4978	31	17.2167599212106
4979	31	18.536542836972377
4980	200	90.67383823634654
4981	31	3.7644336939623084
4982	25	15.912322687604782
4983	36	6.2363915216242845
4984	200	146.15616304344613
4985	28	12.891648923981126
4986	35	43.48122851776877
4987	36	-0.937200102582465
4988	23	23.130513811396167
4989	29	17.886561607870085
4990	29	9.616134592802632
4991	200	98.7229361622273
4992	33	13.078685084364567
4993	200	75.5269177085309
4994	36	22.78613385995791
4995	30	22.12578148722404
4996	200	195.68547988073357
4997	39	21.767810150937976
4998	32	29.890676176681154
4999	200	84.16548809561392
5000	47	20.14869554650636
5001	32	3.061256472662307
5002	32	3.596486929548381
5003	31	17.12291405020846
5004	200	118.46509195875753
5005	200	147.15703852963824
5006	200	117.78125098000584
5007	32	23.08517825175426
5008	29	10.279317241568863
5009	38	16.7147895412511
5010	32	19.30432734192006
5011	34	29.84126545598303
5012	35	19.89122465882966
5013	200	116.12008029463426
5014	200	195.07493002958748
5015	200	137.5087916032655
5016	27	18.86073636528076
5017	200	60.2510633950286
5018	29	2.661957435476924
5019	34	-5.805409029964137
5020	33	28.90445385406125
5021	32	13.431298865421285
5022	200	114.10730392912019
5023	40	16.642776077189858
5024	32	9.144756492780594
5025	33	8.42152982458142
5026	31	-2.847974448783903
5027	32	16.886517148891425
5028	200	139.28850058569952
5029	200	128.66133151851218
5030	34	13.487958326532773
5031	200	130.28387319512262
5032	35	11.04965600863917
5033	33	13.69940802345009
5034	31	18.938933151525013
5035	45	3.87800987830941
5036	200	120.78685011899205
5037	31	22.40133003588617
5038	33	33.92739444402052
5039	31	35.65011247309688
5040	26	10.80918350220818
5041	35	4.716198967072313
5042	33	17.621216717280678
5043	200	76.5146066116764
5044	32	15.470157349067268
5045	34	15.114230612038584
5046	35	17.120808123549235
5047	32	16.713554925947328
5048	29	16.651298516178077
5049	39	22.440378143475716
5050	200	46.407973435577425
5051	37	-0.03569172982719174
5052	31	10.905865913510763
5053	39	10.925853998517667
5054	20	2.2140091662559276
5055	35	7.748791304144436
5056	200	119.50633947442398
5057	33	19.039382889909945
5058	32	32.768444447961315
5059	200	55.68738534484322
5060	30	28.164015317431787
5061	29	0.1370452372327644
5062	38	-3.8761765268731683
5063	31	12.826407585487141
5064	200	51.11150618518911
5065	35	13.501433313075804
5066	38	12.756942974308942
5067	33	10.25671059897743
5068	43	20.466895621817713
5069	38	11.701346794699717
5070	34	14.34064315210295
5071	35	15.783993945422056
5072	37	11.155017363044111
5073	29	25.940104294661648
5074	30	11.8596214158707
5075	27	20.231112736677257
5076	200	93.86251036550645
5077	200	148.89333309543142
5078	35	16.070756611686633
5079	30	41.59673099405485
5080	38	8.48263886391888
5081	35	16.6996182559086
5082	39	3.938037827196985
5083	200	126.7728331437374
5084	200	47.01612695900406
5085	26	28.68221890396384
5086	28	24.360213315410704
5087	31	5.416930760838004
5088	42	19.841087708302744
5089	36	6.014430785204586
5090	30	21.904173274231876
5091	33	26.771035315321086
5092	200	71.88058836201054
5093	34	19.66498390177419
5094	31	9.990306973938821
5095	39	12.576678248398375
5096	200	53.87231143599358
5097	42	4.0991608011102745
5098	31	16.762919459132828
5099	36	23.259403980002357
5100	200	177.5960413136897
5101	200	183.4349079149204
5102	37	27.303937543080803
5103	23	26.9157690356626
5104	31	28.424628533471097
5105	33	38.87148886336707
5106	200	98.12262558730689
5107	200	112.11152376528713
5108	200	100.75502199508124
5109	200	201.273344575386
5110	200	24.0307490836823
5111	39	27.421254730714335
5112	20	4.4687959115645075
5113	26	12.120161011207824
5114	200	153.93786663591925
5115	29	25.953162247443274
5116	200	55.26015995175635
5117	31	3.4359029508611623
5118	39	20.7685546211842
5119	35	11.161733032203918
5120	36	34.14051713346857
5121	26	10.136585912836717
5122	26	33.65217292565002
5123	35	5.603372811208061
5124	34	42.61832351324711
5125	33	17.854610912700167
5126	24	18.34343055464262
5127	31	19.51028686884625
5128	36	28.13759774391353
5129	34	10.412380460725117
5130	200	77.44863553626791
5131	34	18.057593756050068
5132	42	13.44743467686731
5133	30	18.570282369662017
5134	36	17.53443544582347
5135	39	30.5534274204397
5136	200	243.35462632260862
5137	33	34.124338148177294
5138	34	26.922109695005528
5139	200	37.603456997651364
5140	27	28.147894559164204
5141	33	26.855365985469536
5142	200	62.90567165655803
5143	200	75.63321873574459
5144	200	-4.314311645005399
5145	200	-0.9879972889201906
5146	200	53.742374938925906
5147	19	17.912911526875707
5148	31	6.951609521991899
5149	200	124.28326851422064
5150	31	23.11605457266336
5151	200	21.256149196124483
5152	41	12.135865352094829
5153	200	56.80141886688221
5154	30	18.628957119366376
5155	36	11.86989585052775
5156	33	22.424881513955405
5157	44	20.381427202217782
5158	27	13.569320491726577
5159	29	18.613591930274133
5160	37	16.63204605618594
5161	29	8.511989316041356
5162	33	13.112602829060698
5163	200	33.82880137752819
5164	34	20.07866222702114
5165	38	0.6408297909342643
5166	200	117.90479098360808
5167	34	5.953903989856891
5168	34	5.912851115214648
5169	24	9.427081612738293
5170	42	18.737302981804692
5171	27	12.69258125048472
5172	32	12.292449545636648
5173	35	31.224611109654326
5174	30	14.625386710575023
5175	42	19.366495324370117
5176	30	-3.3094324955145873
5177	29	6.337383608062362
5178	46	26.65609196249353
5179	38	29.44662775057658
5180	200	77.20374362148499
5181	37	30.304969990977114
5182	33	16.137678060280493
5183	38	29.75210487901906
5184	200	60.867311053568635
5185	32	29.490211716714988
5186	24	8.191794468538555
5187	44	5.115630760427215
5188	28	21.967099969620694
5189	38	12.613585651643765
5190	32	22.387681120780748
5191	35	6.3115288951886725
5192	31	28.05138952911154
5193	36	29.938106877954787
5194	43	15.239769721646756
5195	40	19.642093268561318
5196	31	31.419336560997284
5197	32	25.58516098062844
5198	28	27.38710494581551
5199	31	27.894694909364105
5200	31	34.45513114211249
5201	22	1.2891804523512127
5202	29	5.73368997259029
5203	22	11.45781331873412
5204	29	24.28908049109049
5205	34	7.142235967440144
5206	24	11.916923574421544
5207	33	20.609264753969267
5208	200	144.06055554735633
5209	200	68.54890332363685
5210	32	14.061587633608013
5211	39	34.00754708613695
5212	30	11.225733665802721
5213	26	7.201154751534077
5214	25	8.344502176809742
5215	30	36.22231618609861
5216	200	-6.932994850187953
5217	200	78.76827039542479
5218	32	11.70645639628069
5219	200	60.49433730658807
5220	41	17.95479378805319
5221	27	7.278595615425355
5222	40	14.71619276269094
5223	32	5.224665178387862
5224	31	23.632624279001277
5225	30	8.043929582645186
5226	36	13.925785445913693
5227	25	7.500696522743486
5228	200	29.057396001438256
5229	45	33.0034848111678
5230	200	130.69822667330374
5231	26	18.585147127369442
5232	34	17.150718746375983
5233	33	16.806887204562347
5234	32	14.599842757251132
5235	36	28.57299363702394
5236	200	96.71969246374036
5237	40	24.65858339190223
5238	37	10.435925118016925
5239	29	4.688619456623784
5240	31	23.57777867670462
5241	31	20.83863328906
5242	29	37.8135296753954
5243	200	163.96236813130608
5244	25	8.779566653763794
5245	36	2.4605830770165533
5246	38	19.054917774179998
5247	200	135.80847457962813
5248	31	16.123686063763838
5249	29	19.546609828477074
5250	29	3.46113381646082
5251	200	84.6129315593109
5252	200	203.92518620746657
5253	31	11.498548806800759
5254	30	18.67204397627451
5255	41	21.246054407580367
5256	200	140.90730277590768
5257	28	30.983705053628558
5258	200	71.43575142456035
5259	32	9.930244050321686
5260	32	21.2592467177878
5261	200	145.8087953513285
5262	200	65.92231923974046
5263	31	33.69240586137233
5264	200	37.697825184912226
5265	24	12.36118509855011
5266	32	28.43217551874501
5267	39	20.83987531518627
5268	200	120.7685207337987
5269	35	24.10357868378444
5270	200	86.42641070015978
5271	30	16.99614735216434
5272	29	31.189140712204726
5273	200	128.53065735394625
5274	30	33.04532381643738
5275	43	18.65001178884049
5276	200	123.64281796655172
5277	200	113.87611102566098
5278	200	112.81275748719675
5279	34	3.061453299919407
5280	38	15.411040438015851
5281	200	201.3987961664599
5282	35	19.812458255438703
5283	200	152.04646056276763
5284	38	23.856030158055937
5285	34	30.577292477959272
5286	40	27.49180495796651
5287	200	18.535270092488574
5288	32	14.835922965691395
5289	31	23.588175995997474
5290	36	22.775160757618725
5291	28	15.256853266370786
5292	26	21.411233978695297
5293	28	12.098720238120523
5294	33	13.934242252641955
5295	200	112.03497047978054
5296	33	13.259942923626504
5297	200	47.70248089241471
5298	200	73.79438574914019
5299	40	25.950795584189446
5300	36	28.644879907845446
5301	200	79.96403644141942
5302	29	-0.4756410502982526
5303	26	15.720784207706355
5304	23	14.565285828589145
5305	200	115.24355917183432
5306	35	7.091792541912367
5307	32	6.490644525446926
5308	200	112.72227646398102
5309	20	1.5502814697773601
5310	200	155.4593163841674
5311	28	21.654426790391724
5312	27	13.234654868319165
5313	37	38.410483413768176
5314	37	36.89355535338755
5315	37	16.187087504366833
5316	31	21.326652627032328
5317	36	15.334059582849653
5318	29	11.856992069448111
5319	39	27.753632416656675
5320	29	13.606896935070235
5321	33	18.553086343796036
5322	42	2.290898125499515
5323	36	34.0896088928627
5324	36	8.084892796288926
5325	37	5.670272470104259
5326	200	171.17027644298722
5327	37	1.0312029614380576
5328	30	24.91353542109279
5329	28	15.522909073510117
5330	31	25.20682850622396
5331	29	11.06848756232168
5332	35	-2.9932785181645016
5333	200	120.3889337120566
5334	33	11.730454798066964
5335	200	171.6063195296483
5336	200	71.33000017623311
5337	23	8.658029083731744
5338	34	15.64082736831718
5339	200	125.57937656349645
5340	36	15.595171185403041
5341	42	20.18124452204603
5342	200	133.79434658322197
5343	29	8.561776537115549
5344	200	217.15924740288085
5345	36	25.1334517928943
5346	39	37.530083116180755
5347	200	121.36796255683902
5348	200	79.70970918557607
5349	35	14.072328187242007
5350	200	206.17332953328034
5351	37	17.01265221399017
5352	28	20.390764528028253
5353	200	165.82351948975645
5354	200	54.7463371979148
5355	35	33.40670898567962
5356	41	47.42961844039992
5357	30	7.070432639954272
5358	38	30.35870020218876
5359	200	121.26287447393815
5360	39	11.07707951295762
5361	44	18.92108669873421
5362	37	6.32466389757105
5363	36	9.646971705019135
5364	36	29.490324121167628
5365	32	31.91423388686871
5366	33	22.42483247405703
5367	30	15.82742648399047
5368	200	92.68209009132212
5369	200	139.5921785434225
5370	30	12.956855209353586
5371	200	46.28232457485917
5372	200	214.0932813252332
5373	200	69.03065585557115
5374	34	38.349395912084866
5375	40	29.98350181913066
5376	34	28.798112347601112
5377	37	41.78593363086468
5378	39	9.831544368678706
5379	200	102.10070612175437
5380	200	59.83822322010565
5381	35	10.206854327866424
5382	30	16.94633627781701
5383	200	57.77056125251324
5384	31	19.244935132315938
5385	33	11.53791148464838
5386	29	9.42153334495155
5387	25	14.05819931804661
5388	200	158.29383406185272
5389	200	98.94390230621885
5390	200	87.77104484404697
5391	30	20.51479470443316
5392	31	-0.6672271617046805
5393	33	-1.780628876303993
5394	38	31.63438882401307
5395	200	118.28816505392116
5396	200	156.26230679799966
5397	37	25.382647523224932
5398	200	67.73918036635312
5399	41	24.306936557443283
5400	26	21.938706563408715
5401	200	153.35165839704723
5402	31	35.89463326553637
5403	42	23.66644823147711
5404	25	16.936467623097077
5405	32	17.18135344239799
5406	200	216.31270270854822
5407	200	204.9214324371634
5408	200	194.2024889785003
5409	200	130.98585557877684
5410	41	26.183241850109525
5411	200	48.52508010058152
5412	35	5.370011644050408
5413	200	59.351369263569744
5414	34	18.294412993575477
5415	28	14.670302519173823
5416	42	30.528959542327517
5417	37	11.152812212405653
5418	39	22.228452166217217
5419	32	20.1309106247479
5420	36	37.2496026393791
5421	30	26.423730473426026
5422	25	14.94004780251353
5423	40	16.864958624303117
5424	41	-1.8848275285613454
5425	26	7.192266819969201
5426	33	13.288730209251316
5427	45	32.08900895400301
5428	28	8.922156776878156
5429	43	17.087339436287976
5430	35	6.598356264127509
5431	29	32.45754847328119
5432	200	137.92997985820216
5433	35	48.954960788739896
5434	200	113.37971735219278
5435	34	21.310367663050044
5436	200	56.04244034355466
5437	200	155.07980791374905
5438	31	5.199230559389736
5439	32	17.130328264697752
5440	35	12.87616300118827
5441	33	15.814793868610991
5442	200	60.672607233363514
5443	37	22.838317471794575
5444	200	98.47981388215788
5445	39	22.051712799510288
5446	38	17.246287545091405
5447	200	14.955154338627295
5448	31	17.41006622028268
5449	37	11.51584865783186
5450	200	146.8249752408045
5451	27	6.561690650432386
5452	32	32.26149013911824
5453	36	21.859415211696867
5454	37	43.20821531990051
5455	200	240.48472450902128
5456	32	16.000943853742605
5457	200	147.36785708913305
5458	200	30.53613832807532
5459	40	20.4751307010053
5460	35	1.3956096885609401
5461	200	139.17604368846244
5462	36	20.995917453545157
5463	35	4.251516552058481
5464	33	25.566917856362803
5465	200	61.29791669315996
5466	29	8.647711899505357
5467	200	155.26177529593673
5468	35	9.647519330684926
5469	36	8.293725280471078
5470	200	143.50026109100386
5471	200	93.46185367409225
5472	200	93.60855220980228
5473	35	2.4414245820415394
5474	27	24.87526358475074
5475	32	22.732151694047836
5476	200	162.6563424133464
5477	28	36.32966726186992
5478	42	37.088323887779154
5479	29	5.038178427030649
5480	35	24.978027975698982
5481	32	22.21348179588298
5482	29	20.77008223500269
5483	36	59.731432165630196
5484	200	165.9793626297595
5485	39	3.160413903928221
5486	38	9.610905161163942
5487	32	12.421772872932086
5488	200	143.18005203212178
5489	35	13.289630065324086
5490	36	37.1366417769823
5491	37	27.287224089648163
5492	29	9.811471848174705
5493	42	22.186944731643905
5494	200	54.716884462358784
5495	21	12.944194046711297
5496	200	35.34387775049863
5497	200	83.1868012618331
5498	40	18.913487218422684
5499	37	13.528347892183302
5500	29	12.745059090658701
5501	25	15.738356418461775
5502	30	19.834951409134415
5503	30	21.81092852537435
5504	200	164.11195112184393
5505	38	19.67208539363609
5506	200	229.3255970534533
5507	28	16.046518974071965
5508	200	135.7351960310375
5509	200	190.57605687567303
5510	42	16.577640463886723
5511	200	73.87547443098072
5512	27	19.979744322841334
5513	35	30.475246359315168
5514	200	18.88199099826054
5515	200	123.39063654174858
5516	25	9.147239010275994
5517	41	36.110328908064645
5518	31	37.48302926533441
5519	200	6.553921402049718
5520	32	8.201762442602544
5521	27	26.306047400483216
5522	35	31.66547470811706
5523	200	177.4415588346623
5524	22	13.343241151107556
5525	33	16.933275860410337
5526	29	21.048369566546082
5527	37	27.82281504577109
5528	33	28.818929411311064
5529	35	18.791727870866467
5530	34	16.325793188993195
5531	21	10.183332264217904
5532	36	-6.152344623786114
5533	23	6.164563713785581
5534	27	22.616998548628196
5535	35	24.208966439665762
5536	27	6.804350487977182
5537	37	18.890414690016712
5538	200	183.3409534006701
5539	38	12.452966194539382
5540	32	10.12463929710885
5541	32	16.969069974981768
5542	200	142.85502309031693
5543	36	40.38167055722696
5544	32	22.132279287350272
5545	200	143.78298440275688
5546	27	21.038003547468232
5547	200	126.70027964189354
5548	32	12.046175873904625
5549	37	30.801128243827034
5550	33	11.317556588769701
5551	200	97.83203459861853
5552	30	27.118934709843064
5553	200	138.43085200663864
5554	200	152.77643760947208
5555	24	5.3513152731460885
5556	34	13.430294803880978
5557	200	64.49252511831341
5558	33	24.652267473138888
5559	36	34.812735271454144
5560	31	38.95595104795105
5561	33	12.2209771660933
5562	37	32.47189352437767
5563	200	61.48967843766502
5564	30	9.060442364088162
5565	200	198.23334527484354
5566	200	107.991411234904
5567	25	7.35001504500844
5568	25	15.315189994723092
5569	200	137.6966470804392
5570	39	24.831737252506898
5571	200	128.30987234831267
5572	30	8.761994375743338
5573	33	4.66017461443081
5574	35	-0.3389403618879158
5575	33	6.94592425197899
5576	32	3.1676085113249752
5577	33	10.5598193724123
5578	35	15.55128929411955
5579	40	17.091511053965938
5580	34	22.783579598050313
5581	27	23.701457488356347
5582	35	34.00539386557613
5583	35	24.748599279906806
5584	200	129.32954982824185
5585	34	22.006627120242833
5586	200	105.29502467951346
5587	36	14.967788652980323
5588	35	7.0597693100375105
5589	41	34.79459959366441
5590	37	24.86764446146691
5591	32	35.309590664302895
5592	200	144.1605590070529
5593	28	4.8503503550987235
5594	200	167.88202757294553
5595	25	15.53836035048176
5596	34	26.028930811179325
5597	27	13.780929714222637
5598	200	85.64472213166857
5599	40	36.62584745985068
5600	33	8.149719364133391
5601	27	24.957189198082467
5602	200	179.9969082164497
5603	29	17.076008191335887
5604	30	10.147380025258384
5605	200	131.46396824973309
5606	36	32.913497557525105
5607	200	130.79147782090902
5608	31	28.7147510948527
5609	37	35.28086854790072
5610	200	33.56881144909809
5611	200	64.90700623675701
5612	30	4.762573622278151
5613	32	22.63641587250624
5614	28	32.22583552802759
5615	44	20.120070413120136
5616	32	6.590704504826157
5617	200	149.9785412433212
5618	28	2.11370209537479
5619	41	8.353194511779751
5620	37	24.78869043605519
5621	200	122.47263941353283
5622	200	139.16263427266745
5623	26	13.15312155079828
5624	200	154.33075782286912
5625	28	2.6014375939949765
5626	28	26.820662465936167
5627	200	154.97019385031777
5628	200	178.5689950979556
5629	24	9.152798857141422
5630	36	11.365942992476155
5631	25	6.92018604038134
5632	31	3.9644356107705176
5633	41	11.746124084943766
5634	33	11.967141829979342
5635	28	11.057657541391817
5636	29	25.564318457531474
5637	36	29.079872182660704
5638	39	8.508920914242713
5639	29	16.52228467205082
5640	31	6.148070908571974
5641	200	104.18171644355498
5642	36	32.62464145559571
5643	200	83.64497796853338
5644	200	81.79062853553162
5645	32	24.63718896796095
5646	200	183.23189139245835
5647	40	15.504423110658326
5648	200	134.9738994931203
5649	38	15.78808297224934
5650	37	17.07699319106959
5651	32	7.079692481491511
5652	28	19.02235390253141
5653	24	24.31554267467981
5654	25	14.324429124852525
5655	31	23.555220142005304
5656	200	141.46848183139238
5657	200	100.5493180399854
5658	200	83.52062670916033
5659	31	40.631995592433015
5660	36	52.66318887670556
5661	29	24.002810579435888
5662	39	19.568792175355856
5663	37	7.741675323169741
5664	40	22.489267899773264
5665	35	14.402715941022104
5666	30	14.851092731298465
5667	30	23.913391583750624
5668	200	89.12892917668864
5669	34	8.805706539408623
5670	32	39.8770876365668
5671	35	27.166741431292433
5672	34	26.09499974355738
5673	200	180.8008815246244
5674	35	15.300363066206584
5675	200	75.52399898823276
5676	37	29.237209282272396
5677	32	4.905161031885846
5678	36	27.20667321604937
5679	200	93.44934886194312
5680	200	48.62952867468673
5681	200	19.844613856547106
5682	31	26.572924449085615
5683	35	18.794732161117654
5684	200	66.52793691295928
5685	22	6.872680671077301
5686	200	83.39577774728843
5687	28	14.442395017117615
5688	43	18.2027849107665
5689	38	18.373300473079567
5690	37	6.240466990416063
5691	44	53.21072492587579
5692	200	247.55490547260007
5693	200	129.54681457010278
5694	27	9.651920469133948
5695	31	37.627836734035405
5696	30	28.472786983634705
5697	28	16.211830223876103
5698	33	15.874903202905235
5699	41	30.517077462730096
5700	27	13.485511771134844
5701	44	45.147884803826514
5702	33	9.283691451809474
5703	41	27.582541335784054
5704	38	16.24857179279254
5705	34	16.092342368297487
5706	200	94.73389472166797
5707	24	14.190431869615358
5708	37	19.52998065246248
5709	200	30.369167873396606
5710	46	42.51454281104803
5711	200	110.70626829044949
5712	200	153.9446048274851
5713	28	30.589280929480328
5714	36	13.045812224289095
5715	200	139.63674464958763
5716	200	25.031622886699633
5717	37	32.44245859371315
5718	28	9.88328337250865
5719	35	26.800379115081526
5720	42	4.145773300205615
5721	34	18.980996566477693
5722	32	18.1797249279585
5723	39	25.726814436523068
5724	28	28.5871925238663
5725	26	19.1265362143888
5726	200	143.70104836638532
5727	200	107.3856273069754
5728	45	23.396989623928086
5729	34	42.846054008860285
5730	200	22.063898394704875
5731	33	36.35233626896567
5732	31	13.306325069295866
5733	200	63.1067228036301
5734	36	28.727138312960903
5735	200	131.62823513188948
5736	28	1.7354082730543667
5737	30	30.695463100803124
5738	34	25.35096487989875
5739	37	25.622023899857226
5740	31	44.582815156538786
5741	29	11.746717156579088
5742	29	20.436052876882446
5743	200	10.067966306702829
5744	30	9.57005026592958
5745	34	35.523361265953255
5746	37	34.62634891075831
5747	200	159.18353047728644
5748	26	14.153038140411839
5749	30	23.251663054629926
5750	37	29.591833357766518
5751	39	17.018428850558863
5752	39	29.5884166394906
5753	35	22.860609005861928
5754	200	166.5321382672602
5755	200	120.12262326449536
5756	29	19.471893579432116
5757	38	24.52715429667042
5758	36	25.08431859693375
5759	200	92.77669065864842
5760	20	15.163767103264929
5761	32	22.166086698619157
5762	200	64.1650136932386
5763	35	30.489953363342597
5764	28	2.351517095550448
5765	29	15.814082433826943
5766	41	27.820574459663163
5767	35	22.779407002564422
5768	37	27.139221227718718
5769	35	6.924639559963348
5770	34	35.78378013161556
5771	200	97.25948444613292
5772	200	120.90956960689654
5773	25	10.285386051600813
5774	200	179.56929788717193
5775	200	13.261228384727337
5776	33	25.63324897030697
5777	200	156.5689624000247
5778	34	0.9466914729875311
5779	50	6.316075173016589
5780	200	106.85214547241998
5781	35	31.35435792481767
5782	29	11.291108745664802
5783	25	23.135564640376973
5784	31	27.638139610784307
5785	45	39.00578620966269
5786	38	30.27561832158065
5787	34	41.691493791828094
5788	34	5.786835294100127
5789	35	5.462578283041519
5790	37	20.91642559971891
5791	34	18.603811369001253
5792	33	15.699544650807098
5793	27	14.351657490575747
5794	21	5.050234909403398
5795	41	52.69691305520467
5796	20	6.1153266557937584
5797	35	11.038581687689
5798	31	2.9039090701020287
5799	37	29.1582576903136
5800	200	86.75508938478751
5801	200	121.96627017136079
5802	37	22.17715584952951
5803	40	29.023058483281147
5804	29	4.026107499684033
5805	33	21.621705683249804
5806	32	12.722295890557547
5807	27	25.675429836532437
5808	200	8.611983840384335
5809	33	6.593320882912868
5810	33	28.523275906501173
5811	29	18.54473937813178
5812	200	171.75137015725133
5813	200	137.52881498882408
5814	41	2.2108572516742298
5815	25	3.367377151828996
5816	200	154.8208183427927
5817	26	13.527269338978869
5818	24	13.904965755248721
5819	34	25.133173533640154
5820	39	18.46005760320335
5821	30	18.64764470219012
5822	28	27.8297895792989
5823	29	6.956857042012121
5824	200	151.76616339501453
5825	29	19.13630107265782
5826	21	11.744005158540809
5827	37	6.664030177590619
5828	36	18.422803625194163
5829	23	14.395760863807194
5830	34	31.990873180292148
5831	28	61.81475527563797
5832	200	45.366157906232296
5833	46	38.50023956670928
5834	32	24.03514235092362
5835	28	15.513185238205757
5836	30	17.597677634619213
5837	34	10.087662041802773
5838	200	126.9946614035833
5839	38	7.370175964919185
5840	36	16.390504544511145
5841	32	12.964482858011392
5842	28	25.8773778886872
5843	42	21.48515285395321
5844	31	21.62896760169553
5845	28	9.817453555215108
5846	30	7.745225785159315
5847	200	116.18421873567065
5848	42	47.50070701752603
5849	36	21.40211322572794
5850	38	20.6377495007019
5851	200	128.23963459171867
5852	27	17.487210916952055
5853	44	25.82760781268638
5854	28	2.8252855228115337
5855	35	19.719264656043222
5856	32	29.061858588782535
5857	35	20.99566480642829
5858	200	89.57289933079485
5859	36	13.46687338557379
5860	41	12.559393352487195
5861	36	16.397033689841
5862	39	33.233446662238926
5863	39	19.53590324664622
5864	36	9.952443878057965
5865	36	12.337268241820453
5866	35	31.175053183690466
5867	200	77.92401611091802
5868	33	4.152322952829475
5869	35	13.59530419508101
5870	22	13.668624441486745
5871	34	18.153575752757455
5872	46	23.489446927500268
5873	30	23.937245835826907
5874	38	28.231786732150933
5875	200	147.18972261485976
5876	31	21.390969312445886
5877	33	15.924232788428487
5878	35	35.45089194011542
5879	200	80.47648586459327
5880	200	86.64676698429813
5881	200	188.903843638755
5882	24	7.393468819294479
5883	34	8.045126597594738
5884	29	14.318274294123569
5885	200	39.02179745468581
5886	200	49.992944964038784
5887	30	31.421840318939424
5888	34	34.51709250104562
5889	30	18.91807027826229
5890	37	9.957757375901098
5891	200	45.739099446599376
5892	36	0.9096554663148202
5893	200	172.83053628225463
5894	45	30.17245906048903
5895	37	22.877730743252297
5896	28	4.863436072536048
5897	200	135.36050277359362
5898	36	32.41189827628518
5899	28	32.70485870971194
5900	200	230.54120347401644
5901	26	12.243420492379089
5902	200	69.75850468698766
5903	200	74.86826043328476
5904	200	134.17372904930684
5905	44	46.99045450753716
5906	39	35.41155534156765
5907	33	24.988114809451957
5908	35	-3.3046427217610326
5909	34	29.767655815995155
5910	34	7.150458648083956
5911	36	19.566108953808126
5912	200	112.09045647861984
5913	27	41.10002874800035
5914	28	22.15112617426172
5915	32	5.548043090577172
5916	200	122.40497115471806
5917	38	51.76815661828648
5918	31	11.501890646401352
5919	35	14.435965178810486
5920	39	7.398964576463144
5921	33	-2.0614415806411515
5922	200	122.39439021138348
5923	39	12.727564328423721
5924	29	13.984335912419706
5925	200	98.63921735521332
5926	35	16.074833794147498
5927	28	13.767748374755545
5928	43	31.529259273289718
5929	41	24.984402416879654
5930	31	30.92258428991753
5931	33	42.378977752441045
5932	29	15.400249919623855
5933	26	33.35971628428044
5934	31	22.473901511294624
5935	31	13.632543239573474
5936	36	31.763777780274662
5937	38	7.717096938721014
5938	40	18.517025002088076
5939	200	2.660769129733979
5940	200	110.66271521868052
5941	33	23.44220790340964
5942	200	185.19260704352507
5943	37	13.231847655629384
5944	200	119.56463255217886
5945	35	4.952578640247223
5946	200	31.576619715924277
5947	32	25.21089463948043
5948	46	23.267677191512703
5949	38	15.789560172220742
5950	200	82.21897086594839
5951	31	10.586393242928024
5952	37	19.089353641701326
5953	27	21.13256954807094
5954	37	31.893276298785967
5955	33	33.93465475687312
5956	27	14.708203612559258
5957	200	61.890212328466504
5958	30	25.89927762383807
5959	34	5.970053497711153
5960	200	47.42334891318021
5961	30	30.840131416349376
5962	44	42.63516485922987
5963	35	41.77510463306802
5964	200	133.99861259165698
5965	23	12.25166919995523
5966	33	11.168364110262859
5967	38	36.20919033772567
5968	40	32.627764217335596
5969	37	24.174277465622474
5970	33	25.041889674785228
5971	33	13.313537473539757
5972	35	21.69568525270756
5973	200	148.98556972360717
5974	35	22.563604628971905
5975	27	15.15768522104368
5976	34	7.772184410856999
5977	39	7.379926081207768
5978	200	176.82041452541998
5979	200	21.806941079773893
5980	31	32.45020085013793
5981	30	6.213201016844234
5982	200	197.54583697418119
5983	29	0.9152608483473641
5984	200	212.1409513406705
5985	31	20.20979020841011
5986	200	62.55717744190689
5987	35	10.079110905328834
5988	27	15.4808281696674
5989	32	25.14588975549167
5990	200	113.92785315676896
5991	29	15.387652120255321
5992	200	159.07276539030477
5993	200	129.03312863062575
5994	200	157.55017953992035
5995	200	132.59687344010783
5996	200	90.0306925716241
5997	32	-0.7792621667521015
5998	200	160.7976058039501
5999	200	88.28652158532164
6000	36	24.725025726828026
6001	200	55.61517194556713
6002	36	23.636592542300416
6003	200	243.0934569391428
6004	29	19.865118129902335
6005	42	-7.044278617727164
6006	38	32.76839383318225
6007	31	14.498141143666986
6008	200	100.83853866428423
6009	37	20.97562561131442
6010	37	22.18315503420946
6011	28	16.331719341894544
6012	38	23.45986863191605
6013	32	15.16841714218427
6014	29	9.613927195257242
6015	36	28.28406957352466
6016	29	17.314037958814367
6017	200	120.54383513321844
6018	34	1.7372542915004952
6019	27	14.470329986904845
6020	200	188.44697159791792
6021	34	17.78259531358967
6022	34	31.171595879370603
6023	36	1.0298539700153277
6024	42	44.91189075949709
6025	200	52.047365054806406
6026	200	155.791072072002
6027	38	12.263901287915463
6028	26	5.801000619249416
6029	32	10.988373822830198
6030	36	20.752179726790796
6031	29	26.326413760321916
6032	32	15.58324978429377
6033	30	11.171257827968605
6034	200	121.33336749987785
6035	27	14.357238247727723
6036	28	15.915057928577545
6037	200	85.83732001135948
6038	200	33.92457718600472
6039	35	9.938286025337158
6040	34	15.221222841107334
6041	25	21.357753899946747
6042	200	249.34989220348072
6043	40	11.233746020417938
6044	34	41.38172548589572
6045	35	23.472779754982533
6046	27	21.60944259072922
6047	39	41.13618575207899
6048	36	15.325176698966061
6049	31	33.117438382368825
6050	200	146.85689052949638
6051	31	20.295709842001234
6052	37	27.23701860434685
6053	26	19.828223760328516
6054	34	11.855255365759858
6055	40	37.20846094809351
6056	36	9.117623288307897
6057	31	24.384482294944426
6058	31	25.19851982624821
6059	40	16.00564282641338
6060	29	8.11305386869644
6061	24	11.347534945290665
6062	36	13.542540965229163
6063	30	10.053428522046687
6064	28	17.606351799728472
6065	200	157.297905650445
6066	31	20.46324715045906
6067	30	26.99359540430982
6068	25	10.474017855812114
6069	200	33.1695992735373
6070	31	16.311506302243153
6071	22	15.119631791462131
6072	26	19.12476200271876
6073	21	15.843030075179843
6074	33	20.892329202123076
6075	33	28.320692319627437
6076	200	61.72911694247088
6077	200	161.03890326193172
6078	35	18.73721952967823
6079	200	105.9080004248507
6080	42	13.511430299291504
6081	34	22.492736401464455
6082	33	30.15758613679106
6083	29	10.198385376490345
6084	37	31.648307555392428
6085	37	12.692506918854427
6086	36	17.793896412508285
6087	200	48.21016510906471
6088	33	5.398456065174656
6089	33	1.292700139594474
6090	34	18.08843202591011
6091	36	21.971732250297865
6092	32	11.316136252076515
6093	29	23.83414153034613
6094	33	23.673586681639996
6095	41	43.09664322388232
6096	200	161.24730176889693
6097	200	108.70261926772538
6098	34	25.085001525410377
6099	200	29.63972968233649
6100	27	16.384256709983315
6101	28	13.931141407332326
6102	29	4.021205792727837
6103	200	152.2005841195942
6104	21	4.81211333468061
6105	38	29.918306552606843
6106	37	53.3459375812052
6107	30	24.306979183131176
6108	27	17.830310320858015
6109	30	16.81546274683871
6110	37	22.105860236752463
6111	28	18.174024977440503
6112	28	12.532459528392863
6113	28	13.503760277514969
6114	28	0.8945838407477649
6115	30	16.26905287350003
6116	34	6.746034417993262
6117	33	12.441026837749286
6118	24	7.378290142985639
6119	200	139.026841335295
6120	30	9.38116330837803
6121	35	20.186184294790056
6122	200	110.78822637621452
6123	37	14.290958870627591
6124	200	7.617164268324677
6125	35	26.428865467207494
6126	37	18.291889163695622
6127	27	23.464385772876927
6128	200	-8.460977510175965
6129	33	16.015098414472938
6130	25	2.432539662310901
6131	200	149.45555493230728
6132	200	135.0851998692876
6133	44	20.46800743572251
6134	42	17.221825960446093
6135	26	30.371508999254143
6136	200	92.7133870856365
6137	200	118.10178460073503
6138	200	86.9284561853508
6139	200	171.96654984226168
6140	32	19.967602797916882
6141	34	8.98569372807808
6142	26	15.953747399370876
6143	34	11.223322790439896
6144	29	24.804375278981247
6145	36	14.810235798311204
6146	32	27.77530768443291
6147	30	25.43774520698388
6148	200	75.98504482554988
6149	36	31.440344240953163
6150	34	30.726423826209004
6151	33	7.913410253153264
6152	38	24.520532105062756
6153	30	33.51866005323186
6154	33	33.94402666285888
6155	200	41.455135038711724
6156	31	6.405102395498164
6157	36	45.85365357534187
6158	36	16.276413441250593
6159	26	9.523248990324225
6160	30	15.128939189585955
6161	35	15.712758960134318
6162	33	12.046488188945494
6163	23	5.289160209725827
6164	39	20.218096407197507
6165	35	16.458934611283542
6166	200	208.70487555473755
6167	30	14.907595793761852
6168	200	99.57057597619988
6169	28	21.764508323275585
6170	32	16.496858706212294
6171	28	15.064535484003825
6172	42	17.800780259373663
6173	37	35.52391410695011
6174	32	22.091724497036868
6175	39	24.9820663459792
6176	33	19.26494276372073
6177	26	15.1936784802464
6178	33	19.53807278954597
6179	200	138.81497235142842
6180	29	15.04441803297259
6181	37	41.32994582296011
6182	36	19.893219350323466
6183	200	138.12798869935486
6184	32	7.671842585657308
6185	25	22.60049773341012
6186	35	26.695541209963764
6187	35	26.715664715789746
6188	200	106.87631992914798
6189	39	14.24569377354484
6190	36	12.995877927459409
6191	26	23.15249396303559
6192	45	11.978783695031472
6193	26	19.03470608611654
6194	41	36.09439362292329
6195	33	16.383204205803498
6196	200	81.27011906883219
6197	36	5.992590472621348
6198	39	8.445321750614125
6199	200	177.13847393511048
6200	38	24.424587574941537
6201	34	17.958713833167785
6202	27	31.74315166086129
6203	200	87.20955784822993
6204	37	23.202647124500235
6205	200	79.16616401635326
6206	29	19.680458414195037
6207	33	7.5054986079222425
6208	28	34.24662942032002
6209	32	8.647839066638825
6210	200	115.73935709912753
6211	200	89.89725454052432
6212	33	16.3783613480099
6213	28	4.2577088331114386
6214	200	179.6109528646215
6215	42	15.750738063731662
6216	35	30.9434542580944
6217	37	14.95981600231718
6218	33	17.969821096725042
6219	43	38.593182092503746
6220	23	2.691347680478313
6221	27	21.769715080957756
6222	35	15.680336521257454
6223	40	17.391361549468094
6224	31	13.652497740506284
6225	200	24.2243266740961
6226	200	126.38498951977206
6227	35	11.14746596305907
6228	36	24.04522560855397
6229	200	106.50746974192865
6230	36	22.306495730836666
6231	29	10.250568666121548
6232	200	117.62902765127336
6233	28	17.198413081223883
6234	39	26.37435852733517
6235	26	32.56511523201743
6236	32	51.44029620543041
6237	37	19.745545688340982
6238	200	245.61933157355975
6239	27	-1.7134961701739113
6240	22	8.878986231894826
6241	31	-0.18730820849730884
6242	200	54.899407977616704
6243	200	138.61109219509606
6244	200	291.8786079575972
6245	200	177.97501747630437
6246	29	25.11715569690388
6247	37	5.255298617651454
6248	200	73.8027977489583
6249	39	46.74430144702184
6250	33	8.444246234774244
6251	200	118.81275775616167
6252	200	135.68973856712108
6253	27	19.70165548639285
6254	200	67.68748199812033
6255	200	138.45383177120746
6256	36	12.702445354430223
6257	41	27.715367855528356
6258	33	20.155418620381127
6259	200	156.8545525854217
6260	34	14.838004213324421
6261	31	27.83529092076116
6262	30	15.852172324526238
6263	200	135.88562007776417
6264	34	25.917428413106556
6265	35	-1.0748945900011462
6266	35	31.729997755286803
6267	200	77.670713301983
6268	41	38.67636701526709
6269	31	16.70633986940931
6270	26	26.373487861091828
6271	200	193.13893042724953
6272	35	11.193945257862579
6273	200	185.84313312296075
6274	200	154.68716509154453
6275	36	20.840480789072473
6276	200	97.03365294735092
6277	28	21.509353161110734
6278	33	13.022349377659424
6279	200	162.95903202481847
6280	32	0.11382099704858623
6281	32	13.42314729508321
6282	24	11.346555165557323
6283	37	21.156209092704877
6284	34	8.806218040137209
6285	24	13.874942503450479
6286	36	16.875255482859956
6287	33	1.17462525952512
6288	200	146.0321444308416
6289	34	11.5893287070953
6290	35	38.55761347190511
6291	39	34.41101343195406
6292	46	16.314314959802914
6293	28	28.077396953121507
6294	30	19.176247963685896
6295	200	208.4783626468887
6296	39	12.067328735716814
6297	200	77.6832505493217
6298	34	3.746086636283744
6299	36	33.387683291538295
6300	30	-1.4405059584531972
6301	26	9.356948681323695
6302	46	28.69684790272091
6303	35	22.0855958360282
6304	33	14.919788004960537
6305	31	18.537652941673034
6306	37	39.907749801492464
6307	37	18.343189087384722
6308	31	3.0057756904449446
6309	43	27.99023292424795
6310	34	9.662187768805579
6311	200	148.32080247896863
6312	200	168.29620178276014
6313	200	139.73325963159596
6314	40	15.995606265413551
6315	38	27.564817350006766
6316	23	27.53286923566551
6317	29	15.756591066804013
6318	200	246.98016053084348
6319	35	19.947337859644136
6320	35	13.173098587616101
6321	38	22.851412575671887
6322	19	13.20478629010737
6323	200	192.7005016179041
6324	32	17.378425116578335
6325	33	26.217853559602425
6326	34	10.369480906837879
6327	27	15.81754066451356
6328	37	22.755356495201767
6329	30	9.821602410020105
6330	32	25.027936303581036
6331	200	34.73832178107497
6332	200	-6.623005890591394
6333	200	198.55129616209058
6334	26	29.8660605349406
6335	27	21.171695371457602
6336	200	86.78749233760811
6337	43	25.576256859828558
6338	200	67.92471973467224
6339	30	24.818658081892483
6340	200	94.60241059404868
6341	200	128.85477692298585
6342	32	27.176724985955648
6343	200	76.89608062435335
6344	33	28.653371164665316
6345	39	27.903681889098205
6346	34	14.4852885119166
6347	28	26.794019155992366
6348	200	244.65671172389366
6349	41	29.73320256899804
6350	42	17.660712457698917
6351	31	1.0783839334467704
6352	200	30.78654354428726
6353	38	4.41308171346609
6354	42	20.595164535974924
6355	200	128.97168095160387
6356	25	4.937200198104365
6357	37	25.63410468948304
6358	200	176.95042015821045
6359	25	30.999289425887298
6360	35	18.223516658958733
6361	37	24.34193545541483
6362	37	38.293171846262084
6363	28	10.43407615264711
6364	200	177.97774773834968
6365	200	126.1320193154901
6366	200	184.83443244493574
6367	31	23.832493407766602
6368	29	7.923493882285445
6369	200	166.8492610654938
6370	31	16.323809098267272
6371	200	55.476391561634415
6372	200	121.99423499705898
6373	200	41.92842138987977
6374	38	15.462547856166314
6375	200	89.93549014053087
6376	200	223.662527443123
6377	200	78.27397872912208
6378	33	19.1741685146973
6379	23	15.204323942165477
6380	26	20.872243895042978
6381	20	4.572502244927666
6382	34	23.506805717846603
6383	32	30.518026551752587
6384	28	18.61367179730677
6385	29	21.48709222142596
6386	38	12.966548817823309
6387	27	22.224513195198096
6388	28	12.519098305404647
6389	200	114.08972263674139
6390	200	115.19297680336769
6391	34	35.92774129037207
6392	200	61.13924259957844
6393	200	218.99575371050267
6394	35	20.58755768174043
6395	33	36.567582106494285
6396	200	110.47237845978492
6397	25	19.6553073946318
6398	26	18.920415225358134
6399	30	17.43129903407827
6400	32	24.041659814442284
6401	33	20.684137751735772
6402	30	22.479031348446345
6403	29	11.521557907013666
6404	30	4.615594623790512
6405	29	25.851776751171666
6406	28	11.436867935725461
6407	200	179.89000761037155
6408	25	10.711777505173925
6409	35	13.04779039873518
6410	200	118.89028882936312
6411	200	135.6380306898529
6412	35	29.602765379586597
6413	33	21.74042089988442
6414	200	71.06374826190726
6415	37	29.640854374023505
6416	45	20.585809676007464
6417	32	17.307651935815297
6418	200	165.58617563260836
6419	29	26.94209692990265
6420	200	38.22147410993558
6421	29	24.932013230152272
6422	40	26.858241921539015
6423	27	31.506524811666655
6424	28	9.091408424796686
6425	31	18.005779848114084
6426	24	20.662121278139107
6427	200	40.625783958542634
6428	200	177.56574864976582
6429	21	16.6174986885227
6430	33	36.767678306511876
6431	30	26.701829996284726
6432	41	25.23142463162332
6433	29	16.333554902475296
6434	200	167.71961736726774
6435	33	18.122172237449934
6436	36	26.643320030160755
6437	36	9.43707728141857
6438	33	33.964598027241486
6439	27	8.14689832656077
6440	200	158.2760632501695
6441	33	13.121221417370242
6442	28	26.576332735611086
6443	33	23.543035815584673
6444	200	104.31431166434918
6445	41	12.820615953048165
6446	200	114.70096054982015
6447	200	194.8825848990827
6448	34	12.095213072227702
6449	33	18.321218660152148
6450	39	17.191127124524765
6451	200	117.7436278575696
6452	24	17.170657152092698
6453	200	133.67037288866646
6454	38	27.101604993893833
6455	38	13.964934249631757
6456	200	198.13429841753188
6457	200	221.00758170762177
6458	27	35.40971742326159
6459	200	125.54905269583037
6460	200	123.0319725206354
6461	200	67.03471854351469
6462	27	6.566819614135778
6463	200	98.57559143936497
6464	42	17.218876515134728
6465	35	16.54503921939259
6466	200	80.4957788727496
6467	200	136.88793925456153
6468	29	35.17712846113392
6469	37	14.285876013805712
6470	200	125.91977064712637
6471	200	30.105130888216596
6472	32	21.58248299468448
6473	30	28.860540789404457
6474	35	32.31926639986792
6475	200	102.99268803640369
6476	32	13.121388680092076
6477	200	87.42507532755448
6478	34	28.018389729485836
6479	36	22.741771061630725
6480	30	16.170777439470196
6481	32	7.628079734761498
6482	30	16.893541332026814
6483	33	12.618130418415875
6484	29	30.008833267162387
6485	24	16.004818668346413
6486	200	79.30129595445975
6487	31	26.189586136111895
6488	200	92.67074613951733
6489	34	9.416973739538678
6490	27	19.821972645232332
6491	33	30.498367080259875
6492	24	10.768286600659538
6493	200	106.8803237143375
6494	200	110.15894426230685
6495	27	5.327981538829836
6496	36	18.23752945193554
6497	26	11.353536583282438
6498	33	29.203157293652158
6499	29	20.24256811268057
6500	28	16.37155855476523
6501	200	85.97486026938594
6502	200	92.16806144220459
6503	41	31.388793762328127
6504	33	-0.48771029895836415
6505	30	15.71551670643299
6506	34	18.384277355014905
6507	200	57.886502045748294
6508	28	6.697994252068395
6509	30	2.577427316241394
6510	36	17.795364140986635
6511	33	21.61743216442233
6512	38	31.742067357577618
6513	39	38.38566320696678
6514	200	114.03709121306164
6515	200	165.68760594046717
6516	200	219.5973197821443
6517	200	122.62069939564057
6518	40	10.244157437642661
6519	36	20.153760186040344
6520	28	9.769658656581662
6521	32	23.15202709383656
6522	27	28.581717922402156
6523	200	97.78936760361277
6524	200	205.7166888865461
6525	31	27.465662570164376
6526	31	29.161933318978306
6527	40	38.07128055837755
6528	40	16.9978334806879
6529	35	22.801907689653472
6530	25	25.266409849530294
6531	200	90.56383746755427
6532	24	7.201908332401045
6533	200	43.02553286476182
6534	200	214.8353164059948
6535	30	18.799691608267842
6536	37	45.68437953990258
6537	200	119.58722812076066
6538	39	24.140805311843305
6539	30	19.4600096973038
6540	31	31.214650475157317
6541	32	16.527101610587785
6542	39	23.792024700722415
6543	40	20.492446798839246
6544	34	29.00822514899888
6545	31	15.211194071855935
6546	200	205.46855220084655
6547	37	9.373335881030176
6548	26	27.160630248385772
6549	200	131.7559502536177
6550	42	36.23361810011718
6551	34	35.48655679818796
6552	200	177.36798147225187
6553	29	23.056926331907327
6554	39	21.566872699811956
6555	40	17.860426967633973
6556	46	42.02675525293061
6557	30	3.885757631960243
6558	200	127.7271612999706
6559	26	12.989463348693148
6560	200	148.47355680191495
6561	38	24.12849552389551
6562	34	7.404215688568122
6563	39	17.59027146949595
6564	37	40.71058246626333
6565	27	24.30494155797411
6566	39	25.194524686504966
6567	200	54.31101417567622
6568	19	18.307207318666162
6569	200	184.54492411819007
6570	44	24.67446905112749
6571	46	22.23055739459715
6572	29	6.302516902537889
6573	34	8.12870310561969
6574	26	11.57441020363373
6575	200	127.48639213886355
6576	44	44.10047573918796
6577	200	67.1638468969275
6578	36	5.118243830074317
6579	34	27.62109723416067
6580	24	6.593689291571884
6581	200	99.52780579024996
6582	37	2.94173033932721
6583	31	22.03603060901007
6584	200	154.31046829679948
6585	28	13.323080006001081
6586	35	24.209708590846255
6587	32	26.171910183492415
6588	32	16.72638864179432
6589	200	150.46111493579454
6590	36	31.10339902443274
6591	200	129.625624479237
6592	28	13.026327284652217
6593	200	92.00192916821584
6594	38	34.52566458283687
6595	38	12.962998030719422
6596	200	113.1163847931287
6597	27	20.021292701322352
6598	30	37.11999577665625
6599	36	14.316609303690695
6600	32	24.41430465503595
6601	29	14.456109654942502
6602	200	50.2206346235934
6603	32	11.188185551812875
6604	31	10.79275514311353
6605	35	27.745785747756404
6606	23	14.59004945397137
6607	40	26.572352391692856
6608	34	27.218867454599504
6609	29	20.129223075957313
6610	200	51.91598525277247
6611	200	64.09554099128323
6612	200	102.61444455530214
6613	28	20.84254743075329
6614	32	9.591746730222019
6615	27	10.03226097728816
6616	32	21.76899546044593
6617	24	7.825555922875036
6618	27	24.017665194110382
6619	40	32.18953037725438
6620	36	35.40181345061133
6621	200	119.42204193965038
6622	38	37.58217497553884
6623	27	14.102116347077164
6624	36	22.919288491489596
6625	28	15.04304903340512
6626	34	10.095579317468482
6627	33	29.414422328001905
6628	28	15.193944340226242
6629	33	20.963610929568404
6630	42	50.217023057569904
6631	200	152.2121608252359
6632	200	163.5096993485978
6633	32	24.064021219774535
6634	38	6.088721160074528
6635	41	18.72101124708865
6636	37	34.156565552839446
6637	30	27.492511029233746
6638	36	45.67686217539408
6639	27	15.88234226718852
6640	32	12.157204236013134
6641	200	151.35248739740751
6642	31	9.190071381863548
6643	200	78.63938301717704
6644	31	14.162044688862194
6645	32	11.082397979632997
6646	33	20.57468715365144
6647	22	9.750965946155466
6648	29	10.206540940960366
6649	28	21.195709666202482
6650	32	16.047301491905017
6651	200	194.81107881270827
6652	25	9.324295589555204
6653	28	13.277619172074102
6654	30	12.676546267368792
6655	32	11.964657319776133
6656	25	11.39195141161648
6657	32	5.9315215399391334
6658	32	18.05325757068784
6659	42	16.51686932149245
6660	200	116.95356902090153
6661	38	21.004933762565045
6662	200	96.56673117784531
6663	200	101.75834522788975
6664	200	90.52869408755134
6665	25	6.148627674345007
6666	30	19.80809064546536
6667	200	98.33398426945082
6668	30	24.449319487912774
6669	200	158.3698060067044
6670	27	16.569913276066682
6671	31	10.642752334764802
6672	32	28.104618703849635
6673	42	14.858224790031908
6674	200	121.72707212071167
6675	44	30.9152954897178
6676	42	9.944117850955765
6677	26	12.959326457958586
6678	35	5.109566911374522
6679	29	26.539323077027333
6680	35	1.1236855672856971
6681	200	50.84344284813923
6682	36	16.382291222357267
6683	18	1.0500626285001393
6684	31	21.165280457130166
6685	28	4.694321542325526
6686	37	20.440887221126836
6687	42	34.40799209067707
6688	200	22.749996865943867
6689	35	7.124920322514284
6690	43	17.351866940714203
6691	200	68.87158315647451
6692	32	29.763919828749305
6693	31	12.820007545362214
6694	34	10.911782104171495
6695	28	9.948701699682374
6696	200	116.63547777595588
6697	32	9.23818926786805
6698	200	47.538091778996474
6699	23	9.382971016001454
6700	32	20.654323692951326
